CD|||2020,6,20,13,12,1249|2020,6,20,13,12,0|2020,6,20,13,12,0|2020,6,20,13,12,0|2020,6,20,13,12,0|2020,6,20,13,12,0|2020,6,20,13,12,0|2020,6,20,13,12,0|2020,6,20,13,12,0|2020,6,20,13,12,0|2020,6,20,13,12,0|2020,6,20,13,12,0|2020,6,20,13,12,0|2020,6,20,13,12,0|2020,6,20,13,12,0|2020,6,20,13,12,0|2020,6,20,13,12,1|2020,6,20,13,12,1|2020,6,20,13,12,0001443739|2020,6,20,13,12,0000000006|2020,6,20,13,12,20.2|
CD|||2020,6,20,13,22,1273|2020,6,20,13,22,0|2020,6,20,13,22,0|2020,6,20,13,22,0|2020,6,20,13,22,0|2020,6,20,13,22,0|2020,6,20,13,22,0|2020,6,20,13,22,0|2020,6,20,13,22,0|2020,6,20,13,22,0|2020,6,20,13,22,0|2020,6,20,13,22,0|2020,6,20,13,22,0|2020,6,20,13,22,0|2020,6,20,13,22,0|2020,6,20,13,22,0|2020,6,20,13,22,1|2020,6,20,13,22,1|2020,6,20,13,22,0001443745|2020,6,20,13,22,0000000006|2020,6,20,13,22,20.6|
CD|||2020,6,20,13,33,1261|2020,6,20,13,33,0|2020,6,20,13,33,0|2020,6,20,13,33,0|2020,6,20,13,33,0|2020,6,20,13,33,0|2020,6,20,13,33,0|2020,6,20,13,33,0|2020,6,20,13,33,0|2020,6,20,13,33,0|2020,6,20,13,33,0|2020,6,20,13,33,0|2020,6,20,13,33,0|2020,6,20,13,33,0|2020,6,20,13,33,0|2020,6,20,13,33,0|2020,6,20,13,33,1|2020,6,20,13,33,1|2020,6,20,13,33,0001443754|2020,6,20,13,33,0000000006|2020,6,20,13,33,20.4|
CD|||2020,6,20,13,43,1280|2020,6,20,13,43,0|2020,6,20,13,43,0|2020,6,20,13,43,0|2020,6,20,13,43,0|2020,6,20,13,43,0|2020,6,20,13,43,0|2020,6,20,13,43,0|2020,6,20,13,43,0|2020,6,20,13,43,0|2020,6,20,13,43,0|2020,6,20,13,43,0|2020,6,20,13,43,0|2020,6,20,13,43,0|2020,6,20,13,43,0|2020,6,20,13,43,0|2020,6,20,13,43,1|2020,6,20,13,43,1|2020,6,20,13,43,0001443760|2020,6,20,13,43,0000000006|2020,6,20,13,43,20.2|
CD|||2020,6,20,14,7,1280|2020,6,20,14,7,0|2020,6,20,14,7,0|2020,6,20,14,7,0|2020,6,20,14,7,0|2020,6,20,14,7,0|2020,6,20,14,7,0|2020,6,20,14,7,0|2020,6,20,14,7,0|2020,6,20,14,7,0|2020,6,20,14,7,0|2020,6,20,14,7,0|2020,6,20,14,7,0|2020,6,20,14,7,0|2020,6,20,14,7,0|2020,6,20,14,7,0|2020,6,20,14,7,1|2020,6,20,14,7,1|2020,6,20,14,7,0001443815|2020,6,20,14,7,0000000006|2020,6,20,14,7,20.2|
CD|||2020,6,20,14,14,1261|2020,6,20,14,14,0|2020,6,20,14,14,0|2020,6,20,14,14,0|2020,6,20,14,14,0|2020,6,20,14,14,0|2020,6,20,14,14,0|2020,6,20,14,14,0|2020,6,20,14,14,0|2020,6,20,14,14,0|2020,6,20,14,14,0|2020,6,20,14,14,0|2020,6,20,14,14,0|2020,6,20,14,14,0|2020,6,20,14,14,0|2020,6,20,14,14,0|2020,6,20,14,14,1|2020,6,20,14,14,1|2020,6,20,14,14,0001443817|2020,6,20,14,14,0000000006|2020,6,20,14,14,20.4|
CD|||2020,6,20,14,34,1253|2020,6,20,14,34,0|2020,6,20,14,34,0|2020,6,20,14,34,0|2020,6,20,14,34,0|2020,6,20,14,34,0|2020,6,20,14,34,0|2020,6,20,14,34,0|2020,6,20,14,34,0|2020,6,20,14,34,0|2020,6,20,14,34,0|2020,6,20,14,34,0|2020,6,20,14,34,0|2020,6,20,14,34,0|2020,6,20,14,34,0|2020,6,20,14,34,0|2020,6,20,14,34,1|2020,6,20,14,34,1|2020,6,20,14,34,0001443833|2020,6,20,14,34,0000000006|2020,6,20,14,34,19.9|
CD|||2020,6,20,15,4,1260|2020,6,20,15,4,0|2020,6,20,15,4,0|2020,6,20,15,4,0|2020,6,20,15,4,0|2020,6,20,15,4,0|2020,6,20,15,4,0|2020,6,20,15,4,0|2020,6,20,15,4,0|2020,6,20,15,4,0|2020,6,20,15,4,0|2020,6,20,15,4,0|2020,6,20,15,4,0|2020,6,20,15,4,0|2020,6,20,15,4,0|2020,6,20,15,4,0|2020,6,20,15,4,1|2020,6,20,15,4,1|2020,6,20,15,4,0001443904|2020,6,20,15,4,0000000006|2020,6,20,15,4,19.6|
CD|||2020,6,20,15,34,1261|2020,6,20,15,34,0|2020,6,20,15,34,0|2020,6,20,15,34,0|2020,6,20,15,34,0|2020,6,20,15,34,0|2020,6,20,15,34,0|2020,6,20,15,34,0|2020,6,20,15,34,0|2020,6,20,15,34,0|2020,6,20,15,34,0|2020,6,20,15,34,0|2020,6,20,15,34,0|2020,6,20,15,34,0|2020,6,20,15,34,0|2020,6,20,15,34,0|2020,6,20,15,34,1|2020,6,20,15,34,1|2020,6,20,15,34,0001443926|2020,6,20,15,34,0000000006|2020,6,20,15,34,20.4|
CD|||2020,6,20,16,3,1259|2020,6,20,16,3,0|2020,6,20,16,3,0|2020,6,20,16,3,0|2020,6,20,16,3,0|2020,6,20,16,3,0|2020,6,20,16,3,0|2020,6,20,16,3,0|2020,6,20,16,3,0|2020,6,20,16,3,0|2020,6,20,16,3,0|2020,6,20,16,3,0|2020,6,20,16,3,0|2020,6,20,16,3,0|2020,6,20,16,3,0|2020,6,20,16,3,0|2020,6,20,16,3,1|2020,6,20,16,3,1|2020,6,20,16,3,0001443935|2020,6,20,16,3,0000000006|2020,6,20,16,3,21.4|
CD|||2020,6,20,16,33,1289|2020,6,20,16,33,0|2020,6,20,16,33,0|2020,6,20,16,33,0|2020,6,20,16,33,0|2020,6,20,16,33,0|2020,6,20,16,33,0|2020,6,20,16,33,0|2020,6,20,16,33,0|2020,6,20,16,33,0|2020,6,20,16,33,0|2020,6,20,16,33,0|2020,6,20,16,33,0|2020,6,20,16,33,0|2020,6,20,16,33,0|2020,6,20,16,33,0|2020,6,20,16,33,1|2020,6,20,16,33,1|2020,6,20,16,33,0001443982|2020,6,20,16,33,0000000006|2020,6,20,16,33,20|
CD|||2020,6,20,17,3,1253|2020,6,20,17,3,0|2020,6,20,17,3,0|2020,6,20,17,3,0|2020,6,20,17,3,0|2020,6,20,17,3,0|2020,6,20,17,3,0|2020,6,20,17,3,0|2020,6,20,17,3,0|2020,6,20,17,3,0|2020,6,20,17,3,0|2020,6,20,17,3,0|2020,6,20,17,3,0|2020,6,20,17,3,0|2020,6,20,17,3,0|2020,6,20,17,3,0|2020,6,20,17,3,1|2020,6,20,17,3,1|2020,6,20,17,3,0001444076|2020,6,20,17,3,0000000006|2020,6,20,17,3,20|
CD|||2020,6,20,17,33,1271|2020,6,20,17,33,0|2020,6,20,17,33,0|2020,6,20,17,33,0|2020,6,20,17,33,0|2020,6,20,17,33,0|2020,6,20,17,33,0|2020,6,20,17,33,0|2020,6,20,17,33,0|2020,6,20,17,33,0|2020,6,20,17,33,0|2020,6,20,17,33,0|2020,6,20,17,33,0|2020,6,20,17,33,0|2020,6,20,17,33,0|2020,6,20,17,33,0|2020,6,20,17,33,1|2020,6,20,17,33,1|2020,6,20,17,33,0001444120|2020,6,20,17,33,0000000006|2020,6,20,17,33,20.2|
CD|||2020,6,20,18,3,1250|2020,6,20,18,3,0|2020,6,20,18,3,0|2020,6,20,18,3,0|2020,6,20,18,3,0|2020,6,20,18,3,0|2020,6,20,18,3,0|2020,6,20,18,3,0|2020,6,20,18,3,0|2020,6,20,18,3,0|2020,6,20,18,3,0|2020,6,20,18,3,0|2020,6,20,18,3,0|2020,6,20,18,3,0|2020,6,20,18,3,0|2020,6,20,18,3,0|2020,6,20,18,3,1|2020,6,20,18,3,1|2020,6,20,18,3,0001444182|2020,6,20,18,3,0000000006|2020,6,20,18,3,19.7|
CD|||2020,6,20,18,33,1244|2020,6,20,18,33,0|2020,6,20,18,33,0|2020,6,20,18,33,0|2020,6,20,18,33,0|2020,6,20,18,33,0|2020,6,20,18,33,0|2020,6,20,18,33,0|2020,6,20,18,33,0|2020,6,20,18,33,0|2020,6,20,18,33,0|2020,6,20,18,33,0|2020,6,20,18,33,0|2020,6,20,18,33,0|2020,6,20,18,33,0|2020,6,20,18,33,0|2020,6,20,18,33,1|2020,6,20,18,33,1|2020,6,20,18,33,0001444229|2020,6,20,18,33,0000000006|2020,6,20,18,33,21.4|
CD|||2020,6,20,19,3,1293|2020,6,20,19,3,0|2020,6,20,19,3,0|2020,6,20,19,3,0|2020,6,20,19,3,0|2020,6,20,19,3,0|2020,6,20,19,3,0|2020,6,20,19,3,0|2020,6,20,19,3,0|2020,6,20,19,3,0|2020,6,20,19,3,0|2020,6,20,19,3,0|2020,6,20,19,3,0|2020,6,20,19,3,0|2020,6,20,19,3,0|2020,6,20,19,3,0|2020,6,20,19,3,1|2020,6,20,19,3,1|2020,6,20,19,3,0001444284|2020,6,20,19,3,0000000006|2020,6,20,19,3,19.9|
CD|||2020,6,20,19,33,1291|2020,6,20,19,33,0|2020,6,20,19,33,0|2020,6,20,19,33,0|2020,6,20,19,33,0|2020,6,20,19,33,0|2020,6,20,19,33,0|2020,6,20,19,33,0|2020,6,20,19,33,0|2020,6,20,19,33,0|2020,6,20,19,33,0|2020,6,20,19,33,0|2020,6,20,19,33,0|2020,6,20,19,33,0|2020,6,20,19,33,0|2020,6,20,19,33,0|2020,6,20,19,33,1|2020,6,20,19,33,1|2020,6,20,19,33,0001444330|2020,6,20,19,33,0000000006|2020,6,20,19,33,20.4|
CD|||2020,6,20,20,3,1283|2020,6,20,20,3,0|2020,6,20,20,3,0|2020,6,20,20,3,0|2020,6,20,20,3,0|2020,6,20,20,3,0|2020,6,20,20,3,0|2020,6,20,20,3,0|2020,6,20,20,3,0|2020,6,20,20,3,0|2020,6,20,20,3,0|2020,6,20,20,3,0|2020,6,20,20,3,0|2020,6,20,20,3,0|2020,6,20,20,3,0|2020,6,20,20,3,0|2020,6,20,20,3,1|2020,6,20,20,3,1|2020,6,20,20,3,0001444383|2020,6,20,20,3,0000000006|2020,6,20,20,3,20|
CD|||2020,6,20,20,33,1271|2020,6,20,20,33,0|2020,6,20,20,33,0|2020,6,20,20,33,0|2020,6,20,20,33,0|2020,6,20,20,33,0|2020,6,20,20,33,0|2020,6,20,20,33,0|2020,6,20,20,33,0|2020,6,20,20,33,0|2020,6,20,20,33,0|2020,6,20,20,33,0|2020,6,20,20,33,0|2020,6,20,20,33,0|2020,6,20,20,33,0|2020,6,20,20,33,0|2020,6,20,20,33,1|2020,6,20,20,33,1|2020,6,20,20,33,0001444450|2020,6,20,20,33,0000000006|2020,6,20,20,33,20.3|
CD|||2020,6,20,21,2,1274|2020,6,20,21,2,0|2020,6,20,21,2,0|2020,6,20,21,2,0|2020,6,20,21,2,0|2020,6,20,21,2,0|2020,6,20,21,2,0|2020,6,20,21,2,0|2020,6,20,21,2,0|2020,6,20,21,2,0|2020,6,20,21,2,0|2020,6,20,21,2,0|2020,6,20,21,2,0|2020,6,20,21,2,0|2020,6,20,21,2,0|2020,6,20,21,2,0|2020,6,20,21,2,1|2020,6,20,21,2,1|2020,6,20,21,2,0001444510|2020,6,20,21,2,0000000006|2020,6,20,21,2,20.1|
CD|||2020,6,20,21,32,1268|2020,6,20,21,32,0|2020,6,20,21,32,0|2020,6,20,21,32,0|2020,6,20,21,32,0|2020,6,20,21,32,0|2020,6,20,21,32,0|2020,6,20,21,32,0|2020,6,20,21,32,0|2020,6,20,21,32,0|2020,6,20,21,32,0|2020,6,20,21,32,0|2020,6,20,21,32,0|2020,6,20,21,32,0|2020,6,20,21,32,0|2020,6,20,21,32,0|2020,6,20,21,32,1|2020,6,20,21,32,1|2020,6,20,21,32,0001444533|2020,6,20,21,32,0000000006|2020,6,20,21,32,21.3|
CD|||2020,6,20,22,2,1265|2020,6,20,22,2,0|2020,6,20,22,2,0|2020,6,20,22,2,0|2020,6,20,22,2,0|2020,6,20,22,2,0|2020,6,20,22,2,0|2020,6,20,22,2,0|2020,6,20,22,2,0|2020,6,20,22,2,0|2020,6,20,22,2,0|2020,6,20,22,2,0|2020,6,20,22,2,0|2020,6,20,22,2,0|2020,6,20,22,2,0|2020,6,20,22,2,0|2020,6,20,22,2,1|2020,6,20,22,2,1|2020,6,20,22,2,0001444585|2020,6,20,22,2,0000000006|2020,6,20,22,2,20.2|
CD|||2020,6,20,22,32,1289|2020,6,20,22,32,0|2020,6,20,22,32,0|2020,6,20,22,32,0|2020,6,20,22,32,0|2020,6,20,22,32,0|2020,6,20,22,32,0|2020,6,20,22,32,0|2020,6,20,22,32,0|2020,6,20,22,32,0|2020,6,20,22,32,0|2020,6,20,22,32,0|2020,6,20,22,32,0|2020,6,20,22,32,0|2020,6,20,22,32,0|2020,6,20,22,32,0|2020,6,20,22,32,1|2020,6,20,22,32,1|2020,6,20,22,32,0001444642|2020,6,20,22,32,0000000006|2020,6,20,22,32,20.1|
CD|||2020,6,20,23,2,1275|2020,6,20,23,2,0|2020,6,20,23,2,0|2020,6,20,23,2,0|2020,6,20,23,2,0|2020,6,20,23,2,0|2020,6,20,23,2,0|2020,6,20,23,2,0|2020,6,20,23,2,0|2020,6,20,23,2,0|2020,6,20,23,2,0|2020,6,20,23,2,0|2020,6,20,23,2,0|2020,6,20,23,2,0|2020,6,20,23,2,0|2020,6,20,23,2,0|2020,6,20,23,2,1|2020,6,20,23,2,1|2020,6,20,23,2,0001444696|2020,6,20,23,2,0000000006|2020,6,20,23,2,19.6|
CD|||2020,6,20,23,32,1261|2020,6,20,23,32,0|2020,6,20,23,32,0|2020,6,20,23,32,0|2020,6,20,23,32,0|2020,6,20,23,32,0|2020,6,20,23,32,0|2020,6,20,23,32,0|2020,6,20,23,32,0|2020,6,20,23,32,0|2020,6,20,23,32,0|2020,6,20,23,32,0|2020,6,20,23,32,0|2020,6,20,23,32,0|2020,6,20,23,32,0|2020,6,20,23,32,0|2020,6,20,23,32,1|2020,6,20,23,32,1|2020,6,20,23,32,0001444728|2020,6,20,23,32,0000000006|2020,6,20,23,32,20.4|
CD|||2020,6,21,0,2,1256|2020,6,21,0,2,0|2020,6,21,0,2,0|2020,6,21,0,2,0|2020,6,21,0,2,0|2020,6,21,0,2,0|2020,6,21,0,2,0|2020,6,21,0,2,0|2020,6,21,0,2,0|2020,6,21,0,2,0|2020,6,21,0,2,0|2020,6,21,0,2,0|2020,6,21,0,2,0|2020,6,21,0,2,0|2020,6,21,0,2,0|2020,6,21,0,2,0|2020,6,21,0,2,1|2020,6,21,0,2,1|2020,6,21,0,2,0001444761|2020,6,21,0,2,0000000006|2020,6,21,0,2,19.8|
CD|||2020,6,21,0,32,1278|2020,6,21,0,32,0|2020,6,21,0,32,0|2020,6,21,0,32,0|2020,6,21,0,32,0|2020,6,21,0,32,0|2020,6,21,0,32,0|2020,6,21,0,32,0|2020,6,21,0,32,0|2020,6,21,0,32,0|2020,6,21,0,32,0|2020,6,21,0,32,0|2020,6,21,0,32,0|2020,6,21,0,32,0|2020,6,21,0,32,0|2020,6,21,0,32,0|2020,6,21,0,32,1|2020,6,21,0,32,1|2020,6,21,0,32,0001444781|2020,6,21,0,32,0000000006|2020,6,21,0,32,19.8|
CD|||2020,6,21,1,2,1280|2020,6,21,1,2,0|2020,6,21,1,2,0|2020,6,21,1,2,0|2020,6,21,1,2,0|2020,6,21,1,2,0|2020,6,21,1,2,0|2020,6,21,1,2,0|2020,6,21,1,2,0|2020,6,21,1,2,0|2020,6,21,1,2,0|2020,6,21,1,2,0|2020,6,21,1,2,0|2020,6,21,1,2,0|2020,6,21,1,2,0|2020,6,21,1,2,0|2020,6,21,1,2,1|2020,6,21,1,2,1|2020,6,21,1,2,0001444803|2020,6,21,1,2,0000000006|2020,6,21,1,2,20.2|
CD|||2020,6,21,1,32,1274|2020,6,21,1,32,0|2020,6,21,1,32,0|2020,6,21,1,32,0|2020,6,21,1,32,0|2020,6,21,1,32,0|2020,6,21,1,32,0|2020,6,21,1,32,0|2020,6,21,1,32,0|2020,6,21,1,32,0|2020,6,21,1,32,0|2020,6,21,1,32,0|2020,6,21,1,32,0|2020,6,21,1,32,0|2020,6,21,1,32,0|2020,6,21,1,32,0|2020,6,21,1,32,1|2020,6,21,1,32,1|2020,6,21,1,32,0001444820|2020,6,21,1,32,0000000006|2020,6,21,1,32,20.2|
CD|||2020,6,21,2,1,1253|2020,6,21,2,1,0|2020,6,21,2,1,0|2020,6,21,2,1,0|2020,6,21,2,1,0|2020,6,21,2,1,0|2020,6,21,2,1,0|2020,6,21,2,1,0|2020,6,21,2,1,0|2020,6,21,2,1,0|2020,6,21,2,1,0|2020,6,21,2,1,0|2020,6,21,2,1,0|2020,6,21,2,1,0|2020,6,21,2,1,0|2020,6,21,2,1,0|2020,6,21,2,1,1|2020,6,21,2,1,1|2020,6,21,2,1,0001444860|2020,6,21,2,1,0000000006|2020,6,21,2,1,20|
CD|||2020,6,21,2,31,1268|2020,6,21,2,31,0|2020,6,21,2,31,0|2020,6,21,2,31,0|2020,6,21,2,31,0|2020,6,21,2,31,0|2020,6,21,2,31,0|2020,6,21,2,31,0|2020,6,21,2,31,0|2020,6,21,2,31,0|2020,6,21,2,31,0|2020,6,21,2,31,0|2020,6,21,2,31,0|2020,6,21,2,31,0|2020,6,21,2,31,0|2020,6,21,2,31,0|2020,6,21,2,31,1|2020,6,21,2,31,1|2020,6,21,2,31,0001444877|2020,6,21,2,31,0000000006|2020,6,21,2,31,20|
CD|||2020,6,21,3,1,1259|2020,6,21,3,1,0|2020,6,21,3,1,0|2020,6,21,3,1,0|2020,6,21,3,1,0|2020,6,21,3,1,0|2020,6,21,3,1,0|2020,6,21,3,1,0|2020,6,21,3,1,0|2020,6,21,3,1,0|2020,6,21,3,1,0|2020,6,21,3,1,0|2020,6,21,3,1,0|2020,6,21,3,1,0|2020,6,21,3,1,0|2020,6,21,3,1,0|2020,6,21,3,1,1|2020,6,21,3,1,1|2020,6,21,3,1,0001444889|2020,6,21,3,1,0000000006|2020,6,21,3,1,20.1|
CD|||2020,6,21,3,31,1253|2020,6,21,3,31,0|2020,6,21,3,31,0|2020,6,21,3,31,0|2020,6,21,3,31,0|2020,6,21,3,31,0|2020,6,21,3,31,0|2020,6,21,3,31,0|2020,6,21,3,31,0|2020,6,21,3,31,0|2020,6,21,3,31,0|2020,6,21,3,31,0|2020,6,21,3,31,0|2020,6,21,3,31,0|2020,6,21,3,31,0|2020,6,21,3,31,0|2020,6,21,3,31,1|2020,6,21,3,31,1|2020,6,21,3,31,0001444896|2020,6,21,3,31,0000000006|2020,6,21,3,31,20|
CD|||2020,6,21,4,1,1268|2020,6,21,4,1,0|2020,6,21,4,1,0|2020,6,21,4,1,0|2020,6,21,4,1,0|2020,6,21,4,1,0|2020,6,21,4,1,0|2020,6,21,4,1,0|2020,6,21,4,1,0|2020,6,21,4,1,0|2020,6,21,4,1,0|2020,6,21,4,1,0|2020,6,21,4,1,0|2020,6,21,4,1,0|2020,6,21,4,1,0|2020,6,21,4,1,0|2020,6,21,4,1,1|2020,6,21,4,1,1|2020,6,21,4,1,0001444908|2020,6,21,4,1,0000000006|2020,6,21,4,1,20|
CD|||2020,6,21,4,31,1283|2020,6,21,4,31,0|2020,6,21,4,31,0|2020,6,21,4,31,0|2020,6,21,4,31,0|2020,6,21,4,31,0|2020,6,21,4,31,0|2020,6,21,4,31,0|2020,6,21,4,31,0|2020,6,21,4,31,0|2020,6,21,4,31,0|2020,6,21,4,31,0|2020,6,21,4,31,0|2020,6,21,4,31,0|2020,6,21,4,31,0|2020,6,21,4,31,0|2020,6,21,4,31,1|2020,6,21,4,31,1|2020,6,21,4,31,0001444918|2020,6,21,4,31,0000000006|2020,6,21,4,31,20|
CD|||2020,6,21,5,1,1253|2020,6,21,5,1,0|2020,6,21,5,1,0|2020,6,21,5,1,0|2020,6,21,5,1,0|2020,6,21,5,1,0|2020,6,21,5,1,0|2020,6,21,5,1,0|2020,6,21,5,1,0|2020,6,21,5,1,0|2020,6,21,5,1,0|2020,6,21,5,1,0|2020,6,21,5,1,0|2020,6,21,5,1,0|2020,6,21,5,1,0|2020,6,21,5,1,0|2020,6,21,5,1,1|2020,6,21,5,1,1|2020,6,21,5,1,0001444925|2020,6,21,5,1,0000000006|2020,6,21,5,1,20|
CD|||2020,6,21,5,31,1274|2020,6,21,5,31,0|2020,6,21,5,31,0|2020,6,21,5,31,0|2020,6,21,5,31,0|2020,6,21,5,31,0|2020,6,21,5,31,0|2020,6,21,5,31,0|2020,6,21,5,31,0|2020,6,21,5,31,0|2020,6,21,5,31,0|2020,6,21,5,31,0|2020,6,21,5,31,0|2020,6,21,5,31,0|2020,6,21,5,31,0|2020,6,21,5,31,0|2020,6,21,5,31,1|2020,6,21,5,31,1|2020,6,21,5,31,0001444934|2020,6,21,5,31,0000000006|2020,6,21,5,31,20.1|
CD|||2020,6,21,6,1,1262|2020,6,21,6,1,0|2020,6,21,6,1,0|2020,6,21,6,1,0|2020,6,21,6,1,0|2020,6,21,6,1,0|2020,6,21,6,1,0|2020,6,21,6,1,0|2020,6,21,6,1,0|2020,6,21,6,1,0|2020,6,21,6,1,0|2020,6,21,6,1,0|2020,6,21,6,1,0|2020,6,21,6,1,0|2020,6,21,6,1,0|2020,6,21,6,1,0|2020,6,21,6,1,1|2020,6,21,6,1,1|2020,6,21,6,1,0001444973|2020,6,21,6,1,0000000006|2020,6,21,6,1,20|
CD|||2020,6,21,6,31,1268|2020,6,21,6,31,0|2020,6,21,6,31,0|2020,6,21,6,31,0|2020,6,21,6,31,0|2020,6,21,6,31,0|2020,6,21,6,31,0|2020,6,21,6,31,0|2020,6,21,6,31,0|2020,6,21,6,31,0|2020,6,21,6,31,0|2020,6,21,6,31,0|2020,6,21,6,31,0|2020,6,21,6,31,0|2020,6,21,6,31,0|2020,6,21,6,31,0|2020,6,21,6,31,1|2020,6,21,6,31,1|2020,6,21,6,31,0001444981|2020,6,21,6,31,0000000006|2020,6,21,6,31,20|
CD|||2020,6,21,7,0,1234|2020,6,21,7,0,0|2020,6,21,7,0,0|2020,6,21,7,0,0|2020,6,21,7,0,0|2020,6,21,7,0,0|2020,6,21,7,0,0|2020,6,21,7,0,0|2020,6,21,7,0,0|2020,6,21,7,0,0|2020,6,21,7,0,0|2020,6,21,7,0,0|2020,6,21,7,0,0|2020,6,21,7,0,0|2020,6,21,7,0,0|2020,6,21,7,0,0|2020,6,21,7,0,1|2020,6,21,7,0,1|2020,6,21,7,0,0001445003|2020,6,21,7,0,0000000006|2020,6,21,7,0,20.7|
CD|||2020,6,21,7,30,1254|2020,6,21,7,30,0|2020,6,21,7,30,0|2020,6,21,7,30,0|2020,6,21,7,30,0|2020,6,21,7,30,0|2020,6,21,7,30,0|2020,6,21,7,30,0|2020,6,21,7,30,0|2020,6,21,7,30,0|2020,6,21,7,30,0|2020,6,21,7,30,0|2020,6,21,7,30,0|2020,6,21,7,30,0|2020,6,21,7,30,0|2020,6,21,7,30,0|2020,6,21,7,30,1|2020,6,21,7,30,1|2020,6,21,7,30,0001445018|2020,6,21,7,30,0000000006|2020,6,21,7,30,20.8|
CD|||2020,6,21,8,0,1295|2020,6,21,8,0,0|2020,6,21,8,0,0|2020,6,21,8,0,0|2020,6,21,8,0,0|2020,6,21,8,0,0|2020,6,21,8,0,0|2020,6,21,8,0,0|2020,6,21,8,0,0|2020,6,21,8,0,0|2020,6,21,8,0,0|2020,6,21,8,0,0|2020,6,21,8,0,0|2020,6,21,8,0,0|2020,6,21,8,0,0|2020,6,21,8,0,0|2020,6,21,8,0,1|2020,6,21,8,0,1|2020,6,21,8,0,0001445041|2020,6,21,8,0,0000000006|2020,6,21,8,0,20.2|
CD|||2020,6,21,8,2,1286|2020,6,21,8,2,0|2020,6,21,8,2,0|2020,6,21,8,2,0|2020,6,21,8,2,0|2020,6,21,8,2,0|2020,6,21,8,2,0|2020,6,21,8,2,0|2020,6,21,8,2,0|2020,6,21,8,2,0|2020,6,21,8,2,0|2020,6,21,8,2,0|2020,6,21,8,2,0|2020,6,21,8,2,0|2020,6,21,8,2,0|2020,6,21,8,2,0|2020,6,21,8,2,1|2020,6,21,8,2,1|2020,6,21,8,2,0001445042|2020,6,21,8,2,0000000006|2020,6,21,8,2,20.2|
CD|||2020,6,21,8,32,1281|2020,6,21,8,32,0|2020,6,21,8,32,0|2020,6,21,8,32,0|2020,6,21,8,32,0|2020,6,21,8,32,0|2020,6,21,8,32,0|2020,6,21,8,32,0|2020,6,21,8,32,0|2020,6,21,8,32,0|2020,6,21,8,32,0|2020,6,21,8,32,0|2020,6,21,8,32,0|2020,6,21,8,32,0|2020,6,21,8,32,0|2020,6,21,8,32,0|2020,6,21,8,32,1|2020,6,21,8,32,1|2020,6,21,8,32,0001445079|2020,6,21,8,32,0000000006|2020,6,21,8,32,19.8|
CD|||2020,6,21,9,1,1276|2020,6,21,9,1,0|2020,6,21,9,1,0|2020,6,21,9,1,0|2020,6,21,9,1,0|2020,6,21,9,1,0|2020,6,21,9,1,0|2020,6,21,9,1,0|2020,6,21,9,1,0|2020,6,21,9,1,0|2020,6,21,9,1,0|2020,6,21,9,1,0|2020,6,21,9,1,0|2020,6,21,9,1,0|2020,6,21,9,1,0|2020,6,21,9,1,0|2020,6,21,9,1,1|2020,6,21,9,1,1|2020,6,21,9,1,0001445148|2020,6,21,9,1,0000000006|2020,6,21,9,1,20.4|
CD|||2020,6,21,9,31,1268|2020,6,21,9,31,0|2020,6,21,9,31,0|2020,6,21,9,31,0|2020,6,21,9,31,0|2020,6,21,9,31,0|2020,6,21,9,31,0|2020,6,21,9,31,0|2020,6,21,9,31,0|2020,6,21,9,31,0|2020,6,21,9,31,0|2020,6,21,9,31,0|2020,6,21,9,31,0|2020,6,21,9,31,0|2020,6,21,9,31,0|2020,6,21,9,31,0|2020,6,21,9,31,1|2020,6,21,9,31,1|2020,6,21,9,31,0001445188|2020,6,21,9,31,0000000006|2020,6,21,9,31,20|
CD|||2020,6,21,10,1,1268|2020,6,21,10,1,0|2020,6,21,10,1,0|2020,6,21,10,1,0|2020,6,21,10,1,0|2020,6,21,10,1,0|2020,6,21,10,1,0|2020,6,21,10,1,0|2020,6,21,10,1,0|2020,6,21,10,1,0|2020,6,21,10,1,0|2020,6,21,10,1,0|2020,6,21,10,1,0|2020,6,21,10,1,0|2020,6,21,10,1,0|2020,6,21,10,1,0|2020,6,21,10,1,1|2020,6,21,10,1,1|2020,6,21,10,1,0001445247|2020,6,21,10,1,0000000006|2020,6,21,10,1,20|
CD|||2020,6,21,10,31,1268|2020,6,21,10,31,0|2020,6,21,10,31,0|2020,6,21,10,31,0|2020,6,21,10,31,0|2020,6,21,10,31,0|2020,6,21,10,31,0|2020,6,21,10,31,0|2020,6,21,10,31,0|2020,6,21,10,31,0|2020,6,21,10,31,0|2020,6,21,10,31,0|2020,6,21,10,31,0|2020,6,21,10,31,0|2020,6,21,10,31,0|2020,6,21,10,31,0|2020,6,21,10,31,1|2020,6,21,10,31,1|2020,6,21,10,31,0001445295|2020,6,21,10,31,0000000006|2020,6,21,10,31,20|
CD|||2020,6,21,11,1,1234|2020,6,21,11,1,0|2020,6,21,11,1,0|2020,6,21,11,1,0|2020,6,21,11,1,0|2020,6,21,11,1,0|2020,6,21,11,1,0|2020,6,21,11,1,0|2020,6,21,11,1,0|2020,6,21,11,1,0|2020,6,21,11,1,0|2020,6,21,11,1,0|2020,6,21,11,1,0|2020,6,21,11,1,0|2020,6,21,11,1,0|2020,6,21,11,1,0|2020,6,21,11,1,1|2020,6,21,11,1,1|2020,6,21,11,1,0001445361|2020,6,21,11,1,0000000006|2020,6,21,11,1,20.2|
CD|||2020,6,21,11,31,1247|2020,6,21,11,31,0|2020,6,21,11,31,0|2020,6,21,11,31,0|2020,6,21,11,31,0|2020,6,21,11,31,0|2020,6,21,11,31,0|2020,6,21,11,31,0|2020,6,21,11,31,0|2020,6,21,11,31,0|2020,6,21,11,31,0|2020,6,21,11,31,0|2020,6,21,11,31,0|2020,6,21,11,31,0|2020,6,21,11,31,0|2020,6,21,11,31,0|2020,6,21,11,31,1|2020,6,21,11,31,1|2020,6,21,11,31,0001445388|2020,6,21,11,31,0000000006|2020,6,21,11,31,19.9|
CD|||2020,6,21,12,1,1245|2020,6,21,12,1,0|2020,6,21,12,1,0|2020,6,21,12,1,0|2020,6,21,12,1,0|2020,6,21,12,1,0|2020,6,21,12,1,0|2020,6,21,12,1,0|2020,6,21,12,1,0|2020,6,21,12,1,0|2020,6,21,12,1,0|2020,6,21,12,1,0|2020,6,21,12,1,0|2020,6,21,12,1,0|2020,6,21,12,1,0|2020,6,21,12,1,0|2020,6,21,12,1,1|2020,6,21,12,1,1|2020,6,21,12,1,0001445421|2020,6,21,12,1,0000000006|2020,6,21,12,1,20.9|
CD|||2020,6,21,12,31,1271|2020,6,21,12,31,0|2020,6,21,12,31,0|2020,6,21,12,31,0|2020,6,21,12,31,0|2020,6,21,12,31,0|2020,6,21,12,31,0|2020,6,21,12,31,0|2020,6,21,12,31,0|2020,6,21,12,31,0|2020,6,21,12,31,0|2020,6,21,12,31,0|2020,6,21,12,31,0|2020,6,21,12,31,0|2020,6,21,12,31,0|2020,6,21,12,31,0|2020,6,21,12,31,1|2020,6,21,12,31,1|2020,6,21,12,31,0001445446|2020,6,21,12,31,0000000006|2020,6,21,12,31,20.3|
CD|||2020,6,21,13,1,1299|2020,6,21,13,1,0|2020,6,21,13,1,0|2020,6,21,13,1,0|2020,6,21,13,1,0|2020,6,21,13,1,0|2020,6,21,13,1,0|2020,6,21,13,1,0|2020,6,21,13,1,0|2020,6,21,13,1,0|2020,6,21,13,1,0|2020,6,21,13,1,0|2020,6,21,13,1,0|2020,6,21,13,1,0|2020,6,21,13,1,0|2020,6,21,13,1,0|2020,6,21,13,1,1|2020,6,21,13,1,1|2020,6,21,13,1,0001445480|2020,6,21,13,1,0000000006|2020,6,21,13,1,20|
CD|||2020,6,21,13,30,1271|2020,6,21,13,30,0|2020,6,21,13,30,0|2020,6,21,13,30,0|2020,6,21,13,30,0|2020,6,21,13,30,0|2020,6,21,13,30,0|2020,6,21,13,30,0|2020,6,21,13,30,0|2020,6,21,13,30,0|2020,6,21,13,30,0|2020,6,21,13,30,0|2020,6,21,13,30,0|2020,6,21,13,30,0|2020,6,21,13,30,0|2020,6,21,13,30,0|2020,6,21,13,30,1|2020,6,21,13,30,1|2020,6,21,13,30,0001445528|2020,6,21,13,30,0000000006|2020,6,21,13,30,20.3|
CD|||2020,6,21,14,0,1283|2020,6,21,14,0,0|2020,6,21,14,0,0|2020,6,21,14,0,0|2020,6,21,14,0,0|2020,6,21,14,0,0|2020,6,21,14,0,0|2020,6,21,14,0,0|2020,6,21,14,0,0|2020,6,21,14,0,0|2020,6,21,14,0,0|2020,6,21,14,0,0|2020,6,21,14,0,0|2020,6,21,14,0,0|2020,6,21,14,0,0|2020,6,21,14,0,0|2020,6,21,14,0,1|2020,6,21,14,0,1|2020,6,21,14,0,0001445577|2020,6,21,14,0,0000000006|2020,6,21,14,0,20|
CD|||2020,6,21,14,30,1262|2020,6,21,14,30,0|2020,6,21,14,30,0|2020,6,21,14,30,0|2020,6,21,14,30,0|2020,6,21,14,30,0|2020,6,21,14,30,0|2020,6,21,14,30,0|2020,6,21,14,30,0|2020,6,21,14,30,0|2020,6,21,14,30,0|2020,6,21,14,30,0|2020,6,21,14,30,0|2020,6,21,14,30,0|2020,6,21,14,30,0|2020,6,21,14,30,0|2020,6,21,14,30,1|2020,6,21,14,30,1|2020,6,21,14,30,0001445618|2020,6,21,14,30,0000000006|2020,6,21,14,30,19.8|
CD|||2020,6,21,15,0,1283|2020,6,21,15,0,0|2020,6,21,15,0,0|2020,6,21,15,0,0|2020,6,21,15,0,0|2020,6,21,15,0,0|2020,6,21,15,0,0|2020,6,21,15,0,0|2020,6,21,15,0,0|2020,6,21,15,0,0|2020,6,21,15,0,0|2020,6,21,15,0,0|2020,6,21,15,0,0|2020,6,21,15,0,0|2020,6,21,15,0,0|2020,6,21,15,0,0|2020,6,21,15,0,1|2020,6,21,15,0,1|2020,6,21,15,0,0001445652|2020,6,21,15,0,0000000006|2020,6,21,15,0,20|
CD|||2020,6,21,15,30,1234|2020,6,21,15,30,0|2020,6,21,15,30,0|2020,6,21,15,30,0|2020,6,21,15,30,0|2020,6,21,15,30,0|2020,6,21,15,30,0|2020,6,21,15,30,0|2020,6,21,15,30,0|2020,6,21,15,30,0|2020,6,21,15,30,0|2020,6,21,15,30,0|2020,6,21,15,30,0|2020,6,21,15,30,0|2020,6,21,15,30,0|2020,6,21,15,30,0|2020,6,21,15,30,1|2020,6,21,15,30,1|2020,6,21,15,30,0001445680|2020,6,21,15,30,0000000006|2020,6,21,15,30,20.2|
CD|||2020,6,21,16,0,1230|2020,6,21,16,0,0|2020,6,21,16,0,0|2020,6,21,16,0,0|2020,6,21,16,0,0|2020,6,21,16,0,0|2020,6,21,16,0,0|2020,6,21,16,0,0|2020,6,21,16,0,0|2020,6,21,16,0,0|2020,6,21,16,0,0|2020,6,21,16,0,0|2020,6,21,16,0,0|2020,6,21,16,0,0|2020,6,21,16,0,0|2020,6,21,16,0,0|2020,6,21,16,0,1|2020,6,21,16,0,1|2020,6,21,16,0,0001445706|2020,6,21,16,0,0000000006|2020,6,21,16,0,21.4|
CD|||2020,6,21,16,30,1268|2020,6,21,16,30,0|2020,6,21,16,30,0|2020,6,21,16,30,0|2020,6,21,16,30,0|2020,6,21,16,30,0|2020,6,21,16,30,0|2020,6,21,16,30,0|2020,6,21,16,30,0|2020,6,21,16,30,0|2020,6,21,16,30,0|2020,6,21,16,30,0|2020,6,21,16,30,0|2020,6,21,16,30,0|2020,6,21,16,30,0|2020,6,21,16,30,0|2020,6,21,16,30,1|2020,6,21,16,30,1|2020,6,21,16,30,0001445734|2020,6,21,16,30,0000000006|2020,6,21,16,30,20|
CD|||2020,6,21,17,0,1265|2020,6,21,17,0,0|2020,6,21,17,0,0|2020,6,21,17,0,0|2020,6,21,17,0,0|2020,6,21,17,0,0|2020,6,21,17,0,0|2020,6,21,17,0,0|2020,6,21,17,0,0|2020,6,21,17,0,0|2020,6,21,17,0,0|2020,6,21,17,0,0|2020,6,21,17,0,0|2020,6,21,17,0,0|2020,6,21,17,0,0|2020,6,21,17,0,0|2020,6,21,17,0,1|2020,6,21,17,0,1|2020,6,21,17,0,0001445813|2020,6,21,17,0,0000000006|2020,6,21,17,0,20.2|
CD|||2020,6,21,17,30,1280|2020,6,21,17,30,0|2020,6,21,17,30,0|2020,6,21,17,30,0|2020,6,21,17,30,0|2020,6,21,17,30,0|2020,6,21,17,30,0|2020,6,21,17,30,0|2020,6,21,17,30,0|2020,6,21,17,30,0|2020,6,21,17,30,0|2020,6,21,17,30,0|2020,6,21,17,30,0|2020,6,21,17,30,0|2020,6,21,17,30,0|2020,6,21,17,30,0|2020,6,21,17,30,1|2020,6,21,17,30,1|2020,6,21,17,30,0001445880|2020,6,21,17,30,0000000006|2020,6,21,17,30,20.2|
CD|||2020,6,21,18,0,1250|2020,6,21,18,0,0|2020,6,21,18,0,0|2020,6,21,18,0,0|2020,6,21,18,0,0|2020,6,21,18,0,0|2020,6,21,18,0,0|2020,6,21,18,0,0|2020,6,21,18,0,0|2020,6,21,18,0,0|2020,6,21,18,0,0|2020,6,21,18,0,0|2020,6,21,18,0,0|2020,6,21,18,0,0|2020,6,21,18,0,0|2020,6,21,18,0,0|2020,6,21,18,0,1|2020,6,21,18,0,1|2020,6,21,18,0,0001445950|2020,6,21,18,0,0000000006|2020,6,21,18,0,19.7|
CD|||2020,6,21,18,29,1255|2020,6,21,18,29,0|2020,6,21,18,29,0|2020,6,21,18,29,0|2020,6,21,18,29,0|2020,6,21,18,29,0|2020,6,21,18,29,0|2020,6,21,18,29,0|2020,6,21,18,29,0|2020,6,21,18,29,0|2020,6,21,18,29,0|2020,6,21,18,29,0|2020,6,21,18,29,0|2020,6,21,18,29,0|2020,6,21,18,29,0|2020,6,21,18,29,0|2020,6,21,18,29,1|2020,6,21,18,29,1|2020,6,21,18,29,0001445995|2020,6,21,18,29,0000000006|2020,6,21,18,29,20.3|
CD|||2020,6,21,18,59,1271|2020,6,21,18,59,0|2020,6,21,18,59,0|2020,6,21,18,59,0|2020,6,21,18,59,0|2020,6,21,18,59,0|2020,6,21,18,59,0|2020,6,21,18,59,0|2020,6,21,18,59,0|2020,6,21,18,59,0|2020,6,21,18,59,0|2020,6,21,18,59,0|2020,6,21,18,59,0|2020,6,21,18,59,0|2020,6,21,18,59,0|2020,6,21,18,59,0|2020,6,21,18,59,1|2020,6,21,18,59,1|2020,6,21,18,59,0001446025|2020,6,21,18,59,0000000006|2020,6,21,18,59,20.3|
CD|||2020,6,21,19,29,1259|2020,6,21,19,29,0|2020,6,21,19,29,0|2020,6,21,19,29,0|2020,6,21,19,29,0|2020,6,21,19,29,0|2020,6,21,19,29,0|2020,6,21,19,29,0|2020,6,21,19,29,0|2020,6,21,19,29,0|2020,6,21,19,29,0|2020,6,21,19,29,0|2020,6,21,19,29,0|2020,6,21,19,29,0|2020,6,21,19,29,0|2020,6,21,19,29,0|2020,6,21,19,29,1|2020,6,21,19,29,1|2020,6,21,19,29,0001446085|2020,6,21,19,29,0000000006|2020,6,21,19,29,20.1|
CD|||2020,6,21,19,59,1231|2020,6,21,19,59,0|2020,6,21,19,59,0|2020,6,21,19,59,0|2020,6,21,19,59,0|2020,6,21,19,59,0|2020,6,21,19,59,0|2020,6,21,19,59,0|2020,6,21,19,59,0|2020,6,21,19,59,0|2020,6,21,19,59,0|2020,6,21,19,59,0|2020,6,21,19,59,0|2020,6,21,19,59,0|2020,6,21,19,59,0|2020,6,21,19,59,0|2020,6,21,19,59,1|2020,6,21,19,59,1|2020,6,21,19,59,0001446131|2020,6,21,19,59,0000000006|2020,6,21,19,59,20.4|
CD|||2020,6,21,20,29,1293|2020,6,21,20,29,0|2020,6,21,20,29,0|2020,6,21,20,29,0|2020,6,21,20,29,0|2020,6,21,20,29,0|2020,6,21,20,29,0|2020,6,21,20,29,0|2020,6,21,20,29,0|2020,6,21,20,29,0|2020,6,21,20,29,0|2020,6,21,20,29,0|2020,6,21,20,29,0|2020,6,21,20,29,0|2020,6,21,20,29,0|2020,6,21,20,29,0|2020,6,21,20,29,1|2020,6,21,20,29,1|2020,6,21,20,29,0001446175|2020,6,21,20,29,0000000006|2020,6,21,20,29,19.9|
CD|||2020,6,21,20,59,1289|2020,6,21,20,59,0|2020,6,21,20,59,0|2020,6,21,20,59,0|2020,6,21,20,59,0|2020,6,21,20,59,0|2020,6,21,20,59,0|2020,6,21,20,59,0|2020,6,21,20,59,0|2020,6,21,20,59,0|2020,6,21,20,59,0|2020,6,21,20,59,0|2020,6,21,20,59,0|2020,6,21,20,59,0|2020,6,21,20,59,0|2020,6,21,20,59,0|2020,6,21,20,59,1|2020,6,21,20,59,1|2020,6,21,20,59,0001446233|2020,6,21,20,59,0000000006|2020,6,21,20,59,20.2|
CD|||2020,6,21,21,29,1237|2020,6,21,21,29,0|2020,6,21,21,29,0|2020,6,21,21,29,0|2020,6,21,21,29,0|2020,6,21,21,29,0|2020,6,21,21,29,0|2020,6,21,21,29,0|2020,6,21,21,29,0|2020,6,21,21,29,0|2020,6,21,21,29,0|2020,6,21,21,29,0|2020,6,21,21,29,0|2020,6,21,21,29,0|2020,6,21,21,29,0|2020,6,21,21,29,0|2020,6,21,21,29,1|2020,6,21,21,29,1|2020,6,21,21,29,0001446294|2020,6,21,21,29,0000000006|2020,6,21,21,29,20.4|
CD|||2020,6,21,21,59,1254|2020,6,21,21,59,0|2020,6,21,21,59,0|2020,6,21,21,59,0|2020,6,21,21,59,0|2020,6,21,21,59,0|2020,6,21,21,59,0|2020,6,21,21,59,0|2020,6,21,21,59,0|2020,6,21,21,59,0|2020,6,21,21,59,0|2020,6,21,21,59,0|2020,6,21,21,59,0|2020,6,21,21,59,0|2020,6,21,21,59,0|2020,6,21,21,59,0|2020,6,21,21,59,1|2020,6,21,21,59,1|2020,6,21,21,59,0001446325|2020,6,21,21,59,0000000006|2020,6,21,21,59,20.7|
CD|||2020,6,21,22,29,1289|2020,6,21,22,29,0|2020,6,21,22,29,0|2020,6,21,22,29,0|2020,6,21,22,29,0|2020,6,21,22,29,0|2020,6,21,22,29,0|2020,6,21,22,29,0|2020,6,21,22,29,0|2020,6,21,22,29,0|2020,6,21,22,29,0|2020,6,21,22,29,0|2020,6,21,22,29,0|2020,6,21,22,29,0|2020,6,21,22,29,0|2020,6,21,22,29,0|2020,6,21,22,29,1|2020,6,21,22,29,1|2020,6,21,22,29,0001446367|2020,6,21,22,29,0000000006|2020,6,21,22,29,20.1|
CD|||2020,6,21,22,59,1278|2020,6,21,22,59,0|2020,6,21,22,59,0|2020,6,21,22,59,0|2020,6,21,22,59,0|2020,6,21,22,59,0|2020,6,21,22,59,0|2020,6,21,22,59,0|2020,6,21,22,59,0|2020,6,21,22,59,0|2020,6,21,22,59,0|2020,6,21,22,59,0|2020,6,21,22,59,0|2020,6,21,22,59,0|2020,6,21,22,59,0|2020,6,21,22,59,0|2020,6,21,22,59,1|2020,6,21,22,59,1|2020,6,21,22,59,0001446413|2020,6,21,22,59,0000000006|2020,6,21,22,59,19.9|
CD|||2020,6,21,23,28,1275|2020,6,21,23,28,0|2020,6,21,23,28,0|2020,6,21,23,28,0|2020,6,21,23,28,0|2020,6,21,23,28,0|2020,6,21,23,28,0|2020,6,21,23,28,0|2020,6,21,23,28,0|2020,6,21,23,28,0|2020,6,21,23,28,0|2020,6,21,23,28,0|2020,6,21,23,28,0|2020,6,21,23,28,0|2020,6,21,23,28,0|2020,6,21,23,28,0|2020,6,21,23,28,1|2020,6,21,23,28,1|2020,6,21,23,28,0001446482|2020,6,21,23,28,0000000006|2020,6,21,23,28,19.6|
CD|||2020,6,21,23,58,1281|2020,6,21,23,58,0|2020,6,21,23,58,0|2020,6,21,23,58,0|2020,6,21,23,58,0|2020,6,21,23,58,0|2020,6,21,23,58,0|2020,6,21,23,58,0|2020,6,21,23,58,0|2020,6,21,23,58,0|2020,6,21,23,58,0|2020,6,21,23,58,0|2020,6,21,23,58,0|2020,6,21,23,58,0|2020,6,21,23,58,0|2020,6,21,23,58,0|2020,6,21,23,58,1|2020,6,21,23,58,1|2020,6,21,23,58,0001446505|2020,6,21,23,58,0000000006|2020,6,21,23,58,19.7|
CD|||2020,6,22,0,28,1271|2020,6,22,0,28,0|2020,6,22,0,28,0|2020,6,22,0,28,0|2020,6,22,0,28,0|2020,6,22,0,28,0|2020,6,22,0,28,0|2020,6,22,0,28,0|2020,6,22,0,28,0|2020,6,22,0,28,0|2020,6,22,0,28,0|2020,6,22,0,28,0|2020,6,22,0,28,0|2020,6,22,0,28,0|2020,6,22,0,28,0|2020,6,22,0,28,0|2020,6,22,0,28,1|2020,6,22,0,28,1|2020,6,22,0,28,0001446527|2020,6,22,0,28,0000000006|2020,6,22,0,28,20.3|
CD|||2020,6,22,0,58,1278|2020,6,22,0,58,0|2020,6,22,0,58,0|2020,6,22,0,58,0|2020,6,22,0,58,0|2020,6,22,0,58,0|2020,6,22,0,58,0|2020,6,22,0,58,0|2020,6,22,0,58,0|2020,6,22,0,58,0|2020,6,22,0,58,0|2020,6,22,0,58,0|2020,6,22,0,58,0|2020,6,22,0,58,0|2020,6,22,0,58,0|2020,6,22,0,58,0|2020,6,22,0,58,1|2020,6,22,0,58,1|2020,6,22,0,58,0001446543|2020,6,22,0,58,0000000006|2020,6,22,0,58,19.9|
CD|||2020,6,22,1,28,1268|2020,6,22,1,28,0|2020,6,22,1,28,0|2020,6,22,1,28,0|2020,6,22,1,28,0|2020,6,22,1,28,0|2020,6,22,1,28,0|2020,6,22,1,28,0|2020,6,22,1,28,0|2020,6,22,1,28,0|2020,6,22,1,28,0|2020,6,22,1,28,0|2020,6,22,1,28,0|2020,6,22,1,28,0|2020,6,22,1,28,0|2020,6,22,1,28,0|2020,6,22,1,28,1|2020,6,22,1,28,1|2020,6,22,1,28,0001446577|2020,6,22,1,28,0000000006|2020,6,22,1,28,20|
CD|||2020,6,22,1,58,1268|2020,6,22,1,58,0|2020,6,22,1,58,0|2020,6,22,1,58,0|2020,6,22,1,58,0|2020,6,22,1,58,0|2020,6,22,1,58,0|2020,6,22,1,58,0|2020,6,22,1,58,0|2020,6,22,1,58,0|2020,6,22,1,58,0|2020,6,22,1,58,0|2020,6,22,1,58,0|2020,6,22,1,58,0|2020,6,22,1,58,0|2020,6,22,1,58,0|2020,6,22,1,58,1|2020,6,22,1,58,1|2020,6,22,1,58,0001446588|2020,6,22,1,58,0000000006|2020,6,22,1,58,20|
CD|||2020,6,22,2,28,1268|2020,6,22,2,28,0|2020,6,22,2,28,0|2020,6,22,2,28,0|2020,6,22,2,28,0|2020,6,22,2,28,0|2020,6,22,2,28,0|2020,6,22,2,28,0|2020,6,22,2,28,0|2020,6,22,2,28,0|2020,6,22,2,28,0|2020,6,22,2,28,0|2020,6,22,2,28,0|2020,6,22,2,28,0|2020,6,22,2,28,0|2020,6,22,2,28,0|2020,6,22,2,28,1|2020,6,22,2,28,1|2020,6,22,2,28,0001446602|2020,6,22,2,28,0000000006|2020,6,22,2,28,20|
CD|||2020,6,22,2,58,1262|2020,6,22,2,58,0|2020,6,22,2,58,0|2020,6,22,2,58,0|2020,6,22,2,58,0|2020,6,22,2,58,0|2020,6,22,2,58,0|2020,6,22,2,58,0|2020,6,22,2,58,0|2020,6,22,2,58,0|2020,6,22,2,58,0|2020,6,22,2,58,0|2020,6,22,2,58,0|2020,6,22,2,58,0|2020,6,22,2,58,0|2020,6,22,2,58,0|2020,6,22,2,58,1|2020,6,22,2,58,1|2020,6,22,2,58,0001446613|2020,6,22,2,58,0000000006|2020,6,22,2,58,20|
CD|||2020,6,22,3,28,1259|2020,6,22,3,28,0|2020,6,22,3,28,0|2020,6,22,3,28,0|2020,6,22,3,28,0|2020,6,22,3,28,0|2020,6,22,3,28,0|2020,6,22,3,28,0|2020,6,22,3,28,0|2020,6,22,3,28,0|2020,6,22,3,28,0|2020,6,22,3,28,0|2020,6,22,3,28,0|2020,6,22,3,28,0|2020,6,22,3,28,0|2020,6,22,3,28,0|2020,6,22,3,28,1|2020,6,22,3,28,1|2020,6,22,3,28,0001446631|2020,6,22,3,28,0000000006|2020,6,22,3,28,20.1|
CD|||2020,6,22,3,58,1262|2020,6,22,3,58,0|2020,6,22,3,58,0|2020,6,22,3,58,0|2020,6,22,3,58,0|2020,6,22,3,58,0|2020,6,22,3,58,0|2020,6,22,3,58,0|2020,6,22,3,58,0|2020,6,22,3,58,0|2020,6,22,3,58,0|2020,6,22,3,58,0|2020,6,22,3,58,0|2020,6,22,3,58,0|2020,6,22,3,58,0|2020,6,22,3,58,0|2020,6,22,3,58,1|2020,6,22,3,58,1|2020,6,22,3,58,0001446639|2020,6,22,3,58,0000000006|2020,6,22,3,58,20|
CD|||2020,6,22,4,27,1287|2020,6,22,4,27,0|2020,6,22,4,27,0|2020,6,22,4,27,0|2020,6,22,4,27,0|2020,6,22,4,27,0|2020,6,22,4,27,0|2020,6,22,4,27,0|2020,6,22,4,27,0|2020,6,22,4,27,0|2020,6,22,4,27,0|2020,6,22,4,27,0|2020,6,22,4,27,0|2020,6,22,4,27,0|2020,6,22,4,27,0|2020,6,22,4,27,0|2020,6,22,4,27,1|2020,6,22,4,27,1|2020,6,22,4,27,0001446647|2020,6,22,4,27,0000000006|2020,6,22,4,27,19.8|
CD|||2020,6,22,4,57,1262|2020,6,22,4,57,0|2020,6,22,4,57,0|2020,6,22,4,57,0|2020,6,22,4,57,0|2020,6,22,4,57,0|2020,6,22,4,57,0|2020,6,22,4,57,0|2020,6,22,4,57,0|2020,6,22,4,57,0|2020,6,22,4,57,0|2020,6,22,4,57,0|2020,6,22,4,57,0|2020,6,22,4,57,0|2020,6,22,4,57,0|2020,6,22,4,57,0|2020,6,22,4,57,1|2020,6,22,4,57,1|2020,6,22,4,57,0001446658|2020,6,22,4,57,0000000006|2020,6,22,4,57,19.9|
CD|||2020,6,22,5,27,1278|2020,6,22,5,27,0|2020,6,22,5,27,0|2020,6,22,5,27,0|2020,6,22,5,27,0|2020,6,22,5,27,0|2020,6,22,5,27,0|2020,6,22,5,27,0|2020,6,22,5,27,0|2020,6,22,5,27,0|2020,6,22,5,27,0|2020,6,22,5,27,0|2020,6,22,5,27,0|2020,6,22,5,27,0|2020,6,22,5,27,0|2020,6,22,5,27,0|2020,6,22,5,27,1|2020,6,22,5,27,1|2020,6,22,5,27,0001446681|2020,6,22,5,27,0000000006|2020,6,22,5,27,19.9|
CD|||2020,6,22,5,57,1262|2020,6,22,5,57,0|2020,6,22,5,57,0|2020,6,22,5,57,0|2020,6,22,5,57,0|2020,6,22,5,57,0|2020,6,22,5,57,0|2020,6,22,5,57,0|2020,6,22,5,57,0|2020,6,22,5,57,0|2020,6,22,5,57,0|2020,6,22,5,57,0|2020,6,22,5,57,0|2020,6,22,5,57,0|2020,6,22,5,57,0|2020,6,22,5,57,0|2020,6,22,5,57,1|2020,6,22,5,57,1|2020,6,22,5,57,0001446711|2020,6,22,5,57,0000000006|2020,6,22,5,57,19.9|
CD|||2020,6,22,6,27,1247|2020,6,22,6,27,0|2020,6,22,6,27,0|2020,6,22,6,27,0|2020,6,22,6,27,0|2020,6,22,6,27,0|2020,6,22,6,27,0|2020,6,22,6,27,0|2020,6,22,6,27,0|2020,6,22,6,27,0|2020,6,22,6,27,0|2020,6,22,6,27,0|2020,6,22,6,27,0|2020,6,22,6,27,0|2020,6,22,6,27,0|2020,6,22,6,27,0|2020,6,22,6,27,1|2020,6,22,6,27,1|2020,6,22,6,27,0001446727|2020,6,22,6,27,0000000006|2020,6,22,6,27,19.8|
CD|||2020,6,22,6,57,1237|2020,6,22,6,57,0|2020,6,22,6,57,0|2020,6,22,6,57,0|2020,6,22,6,57,0|2020,6,22,6,57,0|2020,6,22,6,57,0|2020,6,22,6,57,0|2020,6,22,6,57,0|2020,6,22,6,57,0|2020,6,22,6,57,0|2020,6,22,6,57,0|2020,6,22,6,57,0|2020,6,22,6,57,0|2020,6,22,6,57,0|2020,6,22,6,57,0|2020,6,22,6,57,1|2020,6,22,6,57,1|2020,6,22,6,57,0001446740|2020,6,22,6,57,0000000006|2020,6,22,6,57,20.4|
CD|||2020,6,22,7,27,1236|2020,6,22,7,27,0|2020,6,22,7,27,0|2020,6,22,7,27,0|2020,6,22,7,27,0|2020,6,22,7,27,0|2020,6,22,7,27,0|2020,6,22,7,27,0|2020,6,22,7,27,0|2020,6,22,7,27,0|2020,6,22,7,27,0|2020,6,22,7,27,0|2020,6,22,7,27,0|2020,6,22,7,27,0|2020,6,22,7,27,0|2020,6,22,7,27,0|2020,6,22,7,27,1|2020,6,22,7,27,1|2020,6,22,7,27,0001446757|2020,6,22,7,27,0000000006|2020,6,22,7,27,21|
CD|||2020,6,22,7,57,1281|2020,6,22,7,57,0|2020,6,22,7,57,0|2020,6,22,7,57,0|2020,6,22,7,57,0|2020,6,22,7,57,0|2020,6,22,7,57,0|2020,6,22,7,57,0|2020,6,22,7,57,0|2020,6,22,7,57,0|2020,6,22,7,57,0|2020,6,22,7,57,0|2020,6,22,7,57,0|2020,6,22,7,57,0|2020,6,22,7,57,0|2020,6,22,7,57,0|2020,6,22,7,57,1|2020,6,22,7,57,1|2020,6,22,7,57,0001446783|2020,6,22,7,57,0000000006|2020,6,22,7,57,19.8|
CD|||2020,6,22,8,2,1244|2020,6,22,8,2,0|2020,6,22,8,2,0|2020,6,22,8,2,0|2020,6,22,8,2,0|2020,6,22,8,2,0|2020,6,22,8,2,0|2020,6,22,8,2,0|2020,6,22,8,2,0|2020,6,22,8,2,0|2020,6,22,8,2,0|2020,6,22,8,2,0|2020,6,22,8,2,0|2020,6,22,8,2,0|2020,6,22,8,2,0|2020,6,22,8,2,0|2020,6,22,8,2,1|2020,6,22,8,2,1|2020,6,22,8,2,0001446796|2020,6,22,8,2,0000000006|2020,6,22,8,2,19.6|
CD|||2020,6,22,8,31,1262|2020,6,22,8,31,0|2020,6,22,8,31,0|2020,6,22,8,31,0|2020,6,22,8,31,0|2020,6,22,8,31,0|2020,6,22,8,31,0|2020,6,22,8,31,0|2020,6,22,8,31,0|2020,6,22,8,31,0|2020,6,22,8,31,0|2020,6,22,8,31,0|2020,6,22,8,31,0|2020,6,22,8,31,0|2020,6,22,8,31,0|2020,6,22,8,31,0|2020,6,22,8,31,1|2020,6,22,8,31,1|2020,6,22,8,31,0001446811|2020,6,22,8,31,0000000006|2020,6,22,8,31,19.9|
CD|||2020,6,22,9,1,1267|2020,6,22,9,1,0|2020,6,22,9,1,0|2020,6,22,9,1,0|2020,6,22,9,1,0|2020,6,22,9,1,0|2020,6,22,9,1,0|2020,6,22,9,1,0|2020,6,22,9,1,0|2020,6,22,9,1,0|2020,6,22,9,1,0|2020,6,22,9,1,0|2020,6,22,9,1,0|2020,6,22,9,1,0|2020,6,22,9,1,0|2020,6,22,9,1,0|2020,6,22,9,1,1|2020,6,22,9,1,1|2020,6,22,9,1,0001446825|2020,6,22,9,1,0000000006|2020,6,22,9,1,20.5|
CD|||2020,6,22,9,31,1243|2020,6,22,9,31,0|2020,6,22,9,31,0|2020,6,22,9,31,0|2020,6,22,9,31,0|2020,6,22,9,31,0|2020,6,22,9,31,0|2020,6,22,9,31,0|2020,6,22,9,31,0|2020,6,22,9,31,0|2020,6,22,9,31,0|2020,6,22,9,31,0|2020,6,22,9,31,0|2020,6,22,9,31,0|2020,6,22,9,31,0|2020,6,22,9,31,0|2020,6,22,9,31,1|2020,6,22,9,31,1|2020,6,22,9,31,0001446845|2020,6,22,9,31,0000000006|2020,6,22,9,31,20.6|
CD|||2020,6,22,10,1,1281|2020,6,22,10,1,0|2020,6,22,10,1,0|2020,6,22,10,1,0|2020,6,22,10,1,0|2020,6,22,10,1,0|2020,6,22,10,1,0|2020,6,22,10,1,0|2020,6,22,10,1,0|2020,6,22,10,1,0|2020,6,22,10,1,0|2020,6,22,10,1,0|2020,6,22,10,1,0|2020,6,22,10,1,0|2020,6,22,10,1,0|2020,6,22,10,1,0|2020,6,22,10,1,1|2020,6,22,10,1,1|2020,6,22,10,1,0001446869|2020,6,22,10,1,0000000006|2020,6,22,10,1,19.7|
CD|||2020,6,22,10,31,1252|2020,6,22,10,31,0|2020,6,22,10,31,0|2020,6,22,10,31,0|2020,6,22,10,31,0|2020,6,22,10,31,0|2020,6,22,10,31,0|2020,6,22,10,31,0|2020,6,22,10,31,0|2020,6,22,10,31,0|2020,6,22,10,31,0|2020,6,22,10,31,0|2020,6,22,10,31,0|2020,6,22,10,31,0|2020,6,22,10,31,0|2020,6,22,10,31,0|2020,6,22,10,31,1|2020,6,22,10,31,1|2020,6,22,10,31,0001446916|2020,6,22,10,31,0000000006|2020,6,22,10,31,20.4|
CD|||2020,6,22,11,1,1262|2020,6,22,11,1,0|2020,6,22,11,1,0|2020,6,22,11,1,0|2020,6,22,11,1,0|2020,6,22,11,1,0|2020,6,22,11,1,0|2020,6,22,11,1,0|2020,6,22,11,1,0|2020,6,22,11,1,0|2020,6,22,11,1,0|2020,6,22,11,1,0|2020,6,22,11,1,0|2020,6,22,11,1,0|2020,6,22,11,1,0|2020,6,22,11,1,0|2020,6,22,11,1,1|2020,6,22,11,1,1|2020,6,22,11,1,0001446953|2020,6,22,11,1,0000000006|2020,6,22,11,1,19.9|
CD|||2020,6,22,11,31,1274|2020,6,22,11,31,0|2020,6,22,11,31,0|2020,6,22,11,31,0|2020,6,22,11,31,0|2020,6,22,11,31,0|2020,6,22,11,31,0|2020,6,22,11,31,0|2020,6,22,11,31,0|2020,6,22,11,31,0|2020,6,22,11,31,0|2020,6,22,11,31,0|2020,6,22,11,31,0|2020,6,22,11,31,0|2020,6,22,11,31,0|2020,6,22,11,31,0|2020,6,22,11,31,1|2020,6,22,11,31,1|2020,6,22,11,31,0001446980|2020,6,22,11,31,0000000006|2020,6,22,11,31,20.1|
CD|||2020,6,22,12,1,1255|2020,6,22,12,1,0|2020,6,22,12,1,0|2020,6,22,12,1,0|2020,6,22,12,1,0|2020,6,22,12,1,0|2020,6,22,12,1,0|2020,6,22,12,1,0|2020,6,22,12,1,0|2020,6,22,12,1,0|2020,6,22,12,1,0|2020,6,22,12,1,0|2020,6,22,12,1,0|2020,6,22,12,1,0|2020,6,22,12,1,0|2020,6,22,12,1,0|2020,6,22,12,1,1|2020,6,22,12,1,1|2020,6,22,12,1,0001447017|2020,6,22,12,1,0000000006|2020,6,22,12,1,20.3|
CD|||2020,6,22,12,31,1259|2020,6,22,12,31,0|2020,6,22,12,31,0|2020,6,22,12,31,0|2020,6,22,12,31,0|2020,6,22,12,31,0|2020,6,22,12,31,0|2020,6,22,12,31,0|2020,6,22,12,31,0|2020,6,22,12,31,0|2020,6,22,12,31,0|2020,6,22,12,31,0|2020,6,22,12,31,0|2020,6,22,12,31,0|2020,6,22,12,31,0|2020,6,22,12,31,0|2020,6,22,12,31,1|2020,6,22,12,31,1|2020,6,22,12,31,0001447042|2020,6,22,12,31,0000000006|2020,6,22,12,31,20.1|
CD|||2020,6,22,13,1,1274|2020,6,22,13,1,0|2020,6,22,13,1,0|2020,6,22,13,1,0|2020,6,22,13,1,0|2020,6,22,13,1,0|2020,6,22,13,1,0|2020,6,22,13,1,0|2020,6,22,13,1,0|2020,6,22,13,1,0|2020,6,22,13,1,0|2020,6,22,13,1,0|2020,6,22,13,1,0|2020,6,22,13,1,0|2020,6,22,13,1,0|2020,6,22,13,1,0|2020,6,22,13,1,1|2020,6,22,13,1,1|2020,6,22,13,1,0001447068|2020,6,22,13,1,0000000006|2020,6,22,13,1,20.1|
CD|||2020,6,22,13,30,1265|2020,6,22,13,30,0|2020,6,22,13,30,0|2020,6,22,13,30,0|2020,6,22,13,30,0|2020,6,22,13,30,0|2020,6,22,13,30,0|2020,6,22,13,30,0|2020,6,22,13,30,0|2020,6,22,13,30,0|2020,6,22,13,30,0|2020,6,22,13,30,0|2020,6,22,13,30,0|2020,6,22,13,30,0|2020,6,22,13,30,0|2020,6,22,13,30,0|2020,6,22,13,30,1|2020,6,22,13,30,1|2020,6,22,13,30,0001447097|2020,6,22,13,30,0000000006|2020,6,22,13,30,20.2|
CD|||2020,6,22,14,0,1249|2020,6,22,14,0,0|2020,6,22,14,0,0|2020,6,22,14,0,0|2020,6,22,14,0,0|2020,6,22,14,0,0|2020,6,22,14,0,0|2020,6,22,14,0,0|2020,6,22,14,0,0|2020,6,22,14,0,0|2020,6,22,14,0,0|2020,6,22,14,0,0|2020,6,22,14,0,0|2020,6,22,14,0,0|2020,6,22,14,0,0|2020,6,22,14,0,0|2020,6,22,14,0,1|2020,6,22,14,0,1|2020,6,22,14,0,0001447109|2020,6,22,14,0,0000000006|2020,6,22,14,0,20.2|
CD|||2020,6,22,14,30,1274|2020,6,22,14,30,0|2020,6,22,14,30,0|2020,6,22,14,30,0|2020,6,22,14,30,0|2020,6,22,14,30,0|2020,6,22,14,30,0|2020,6,22,14,30,0|2020,6,22,14,30,0|2020,6,22,14,30,0|2020,6,22,14,30,0|2020,6,22,14,30,0|2020,6,22,14,30,0|2020,6,22,14,30,0|2020,6,22,14,30,0|2020,6,22,14,30,0|2020,6,22,14,30,1|2020,6,22,14,30,1|2020,6,22,14,30,0001447129|2020,6,22,14,30,0000000006|2020,6,22,14,30,20.1|
CD|||2020,6,22,15,0,1272|2020,6,22,15,0,0|2020,6,22,15,0,0|2020,6,22,15,0,0|2020,6,22,15,0,0|2020,6,22,15,0,0|2020,6,22,15,0,0|2020,6,22,15,0,0|2020,6,22,15,0,0|2020,6,22,15,0,0|2020,6,22,15,0,0|2020,6,22,15,0,0|2020,6,22,15,0,0|2020,6,22,15,0,0|2020,6,22,15,0,0|2020,6,22,15,0,0|2020,6,22,15,0,1|2020,6,22,15,0,1|2020,6,22,15,0,0001447154|2020,6,22,15,0,0000000006|2020,6,22,15,0,19.9|
CD|||2020,6,22,15,30,1268|2020,6,22,15,30,0|2020,6,22,15,30,0|2020,6,22,15,30,0|2020,6,22,15,30,0|2020,6,22,15,30,0|2020,6,22,15,30,0|2020,6,22,15,30,0|2020,6,22,15,30,0|2020,6,22,15,30,0|2020,6,22,15,30,0|2020,6,22,15,30,0|2020,6,22,15,30,0|2020,6,22,15,30,0|2020,6,22,15,30,0|2020,6,22,15,30,0|2020,6,22,15,30,1|2020,6,22,15,30,1|2020,6,22,15,30,0001447176|2020,6,22,15,30,0000000006|2020,6,22,15,30,20|
CD|||2020,6,22,16,0,1258|2020,6,22,16,0,0|2020,6,22,16,0,0|2020,6,22,16,0,0|2020,6,22,16,0,0|2020,6,22,16,0,0|2020,6,22,16,0,0|2020,6,22,16,0,0|2020,6,22,16,0,0|2020,6,22,16,0,0|2020,6,22,16,0,0|2020,6,22,16,0,0|2020,6,22,16,0,0|2020,6,22,16,0,0|2020,6,22,16,0,0|2020,6,22,16,0,0|2020,6,22,16,0,1|2020,6,22,16,0,1|2020,6,22,16,0,0001447201|2020,6,22,16,0,0000000006|2020,6,22,16,0,20.6|
CD|||2020,6,22,16,30,1261|2020,6,22,16,30,0|2020,6,22,16,30,0|2020,6,22,16,30,0|2020,6,22,16,30,0|2020,6,22,16,30,0|2020,6,22,16,30,0|2020,6,22,16,30,0|2020,6,22,16,30,0|2020,6,22,16,30,0|2020,6,22,16,30,0|2020,6,22,16,30,0|2020,6,22,16,30,0|2020,6,22,16,30,0|2020,6,22,16,30,0|2020,6,22,16,30,0|2020,6,22,16,30,1|2020,6,22,16,30,1|2020,6,22,16,30,0001447230|2020,6,22,16,30,0000000006|2020,6,22,16,30,20.4|
CD|||2020,6,22,17,0,1283|2020,6,22,17,0,0|2020,6,22,17,0,0|2020,6,22,17,0,0|2020,6,22,17,0,0|2020,6,22,17,0,0|2020,6,22,17,0,0|2020,6,22,17,0,0|2020,6,22,17,0,0|2020,6,22,17,0,0|2020,6,22,17,0,0|2020,6,22,17,0,0|2020,6,22,17,0,0|2020,6,22,17,0,0|2020,6,22,17,0,0|2020,6,22,17,0,0|2020,6,22,17,0,1|2020,6,22,17,0,1|2020,6,22,17,0,0001447268|2020,6,22,17,0,0000000006|2020,6,22,17,0,20|
CD|||2020,6,22,17,30,1246|2020,6,22,17,30,0|2020,6,22,17,30,0|2020,6,22,17,30,0|2020,6,22,17,30,0|2020,6,22,17,30,0|2020,6,22,17,30,0|2020,6,22,17,30,0|2020,6,22,17,30,0|2020,6,22,17,30,0|2020,6,22,17,30,0|2020,6,22,17,30,0|2020,6,22,17,30,0|2020,6,22,17,30,0|2020,6,22,17,30,0|2020,6,22,17,30,0|2020,6,22,17,30,1|2020,6,22,17,30,1|2020,6,22,17,30,0001447322|2020,6,22,17,30,0000000006|2020,6,22,17,30,20.4|
CD|||2020,6,22,17,59,1271|2020,6,22,17,59,0|2020,6,22,17,59,0|2020,6,22,17,59,0|2020,6,22,17,59,0|2020,6,22,17,59,0|2020,6,22,17,59,0|2020,6,22,17,59,0|2020,6,22,17,59,0|2020,6,22,17,59,0|2020,6,22,17,59,0|2020,6,22,17,59,0|2020,6,22,17,59,0|2020,6,22,17,59,0|2020,6,22,17,59,0|2020,6,22,17,59,0|2020,6,22,17,59,1|2020,6,22,17,59,1|2020,6,22,17,59,0001447352|2020,6,22,17,59,0000000006|2020,6,22,17,59,20.3|
CD|||2020,6,22,18,29,1271|2020,6,22,18,29,0|2020,6,22,18,29,0|2020,6,22,18,29,0|2020,6,22,18,29,0|2020,6,22,18,29,0|2020,6,22,18,29,0|2020,6,22,18,29,0|2020,6,22,18,29,0|2020,6,22,18,29,0|2020,6,22,18,29,0|2020,6,22,18,29,0|2020,6,22,18,29,0|2020,6,22,18,29,0|2020,6,22,18,29,0|2020,6,22,18,29,0|2020,6,22,18,29,1|2020,6,22,18,29,1|2020,6,22,18,29,0001447383|2020,6,22,18,29,0000000006|2020,6,22,18,29,20.3|
CD|||2020,6,22,18,59,1283|2020,6,22,18,59,0|2020,6,22,18,59,0|2020,6,22,18,59,0|2020,6,22,18,59,0|2020,6,22,18,59,0|2020,6,22,18,59,0|2020,6,22,18,59,0|2020,6,22,18,59,0|2020,6,22,18,59,0|2020,6,22,18,59,0|2020,6,22,18,59,0|2020,6,22,18,59,0|2020,6,22,18,59,0|2020,6,22,18,59,0|2020,6,22,18,59,0|2020,6,22,18,59,1|2020,6,22,18,59,1|2020,6,22,18,59,0001447413|2020,6,22,18,59,0000000006|2020,6,22,18,59,20|
CD|||2020,6,22,19,29,1274|2020,6,22,19,29,0|2020,6,22,19,29,0|2020,6,22,19,29,0|2020,6,22,19,29,0|2020,6,22,19,29,0|2020,6,22,19,29,0|2020,6,22,19,29,0|2020,6,22,19,29,0|2020,6,22,19,29,0|2020,6,22,19,29,0|2020,6,22,19,29,0|2020,6,22,19,29,0|2020,6,22,19,29,0|2020,6,22,19,29,0|2020,6,22,19,29,0|2020,6,22,19,29,1|2020,6,22,19,29,1|2020,6,22,19,29,0001447477|2020,6,22,19,29,0000000006|2020,6,22,19,29,20.1|
CD|||2020,6,22,19,59,1261|2020,6,22,19,59,0|2020,6,22,19,59,0|2020,6,22,19,59,0|2020,6,22,19,59,0|2020,6,22,19,59,0|2020,6,22,19,59,0|2020,6,22,19,59,0|2020,6,22,19,59,0|2020,6,22,19,59,0|2020,6,22,19,59,0|2020,6,22,19,59,0|2020,6,22,19,59,0|2020,6,22,19,59,0|2020,6,22,19,59,0|2020,6,22,19,59,0|2020,6,22,19,59,1|2020,6,22,19,59,1|2020,6,22,19,59,0001447539|2020,6,22,19,59,0000000006|2020,6,22,19,59,20.4|
CD|||2020,6,22,20,29,1278|2020,6,22,20,29,0|2020,6,22,20,29,0|2020,6,22,20,29,0|2020,6,22,20,29,0|2020,6,22,20,29,0|2020,6,22,20,29,0|2020,6,22,20,29,0|2020,6,22,20,29,0|2020,6,22,20,29,0|2020,6,22,20,29,0|2020,6,22,20,29,0|2020,6,22,20,29,0|2020,6,22,20,29,0|2020,6,22,20,29,0|2020,6,22,20,29,0|2020,6,22,20,29,1|2020,6,22,20,29,1|2020,6,22,20,29,0001447577|2020,6,22,20,29,0000000006|2020,6,22,20,29,19.9|
CD|||2020,6,22,20,59,1255|2020,6,22,20,59,0|2020,6,22,20,59,0|2020,6,22,20,59,0|2020,6,22,20,59,0|2020,6,22,20,59,0|2020,6,22,20,59,0|2020,6,22,20,59,0|2020,6,22,20,59,0|2020,6,22,20,59,0|2020,6,22,20,59,0|2020,6,22,20,59,0|2020,6,22,20,59,0|2020,6,22,20,59,0|2020,6,22,20,59,0|2020,6,22,20,59,0|2020,6,22,20,59,1|2020,6,22,20,59,1|2020,6,22,20,59,0001447627|2020,6,22,20,59,0000000006|2020,6,22,20,59,20.3|
CD|||2020,6,22,21,29,1253|2020,6,22,21,29,0|2020,6,22,21,29,0|2020,6,22,21,29,0|2020,6,22,21,29,0|2020,6,22,21,29,0|2020,6,22,21,29,0|2020,6,22,21,29,0|2020,6,22,21,29,0|2020,6,22,21,29,0|2020,6,22,21,29,0|2020,6,22,21,29,0|2020,6,22,21,29,0|2020,6,22,21,29,0|2020,6,22,21,29,0|2020,6,22,21,29,0|2020,6,22,21,29,1|2020,6,22,21,29,1|2020,6,22,21,29,0001447675|2020,6,22,21,29,0000000006|2020,6,22,21,29,20|
CD|||2020,6,22,21,59,1261|2020,6,22,21,59,0|2020,6,22,21,59,0|2020,6,22,21,59,0|2020,6,22,21,59,0|2020,6,22,21,59,0|2020,6,22,21,59,0|2020,6,22,21,59,0|2020,6,22,21,59,0|2020,6,22,21,59,0|2020,6,22,21,59,0|2020,6,22,21,59,0|2020,6,22,21,59,0|2020,6,22,21,59,0|2020,6,22,21,59,0|2020,6,22,21,59,0|2020,6,22,21,59,1|2020,6,22,21,59,1|2020,6,22,21,59,0001447695|2020,6,22,21,59,0000000006|2020,6,22,21,59,20.4|
CD|||2020,6,22,22,29,1268|2020,6,22,22,29,0|2020,6,22,22,29,0|2020,6,22,22,29,0|2020,6,22,22,29,0|2020,6,22,22,29,0|2020,6,22,22,29,0|2020,6,22,22,29,0|2020,6,22,22,29,0|2020,6,22,22,29,0|2020,6,22,22,29,0|2020,6,22,22,29,0|2020,6,22,22,29,0|2020,6,22,22,29,0|2020,6,22,22,29,0|2020,6,22,22,29,0|2020,6,22,22,29,1|2020,6,22,22,29,1|2020,6,22,22,29,0001447749|2020,6,22,22,29,0000000006|2020,6,22,22,29,20|
CD|||2020,6,22,22,58,1249|2020,6,22,22,58,0|2020,6,22,22,58,0|2020,6,22,22,58,0|2020,6,22,22,58,0|2020,6,22,22,58,0|2020,6,22,22,58,0|2020,6,22,22,58,0|2020,6,22,22,58,0|2020,6,22,22,58,0|2020,6,22,22,58,0|2020,6,22,22,58,0|2020,6,22,22,58,0|2020,6,22,22,58,0|2020,6,22,22,58,0|2020,6,22,22,58,0|2020,6,22,22,58,1|2020,6,22,22,58,1|2020,6,22,22,58,0001447797|2020,6,22,22,58,0000000006|2020,6,22,22,58,20.2|
CD|||2020,6,22,23,28,1274|2020,6,22,23,28,0|2020,6,22,23,28,0|2020,6,22,23,28,0|2020,6,22,23,28,0|2020,6,22,23,28,0|2020,6,22,23,28,0|2020,6,22,23,28,0|2020,6,22,23,28,0|2020,6,22,23,28,0|2020,6,22,23,28,0|2020,6,22,23,28,0|2020,6,22,23,28,0|2020,6,22,23,28,0|2020,6,22,23,28,0|2020,6,22,23,28,0|2020,6,22,23,28,1|2020,6,22,23,28,1|2020,6,22,23,28,0001447820|2020,6,22,23,28,0000000006|2020,6,22,23,28,20|
CD|||2020,6,22,23,58,1285|2020,6,22,23,58,0|2020,6,22,23,58,0|2020,6,22,23,58,0|2020,6,22,23,58,0|2020,6,22,23,58,0|2020,6,22,23,58,0|2020,6,22,23,58,0|2020,6,22,23,58,0|2020,6,22,23,58,0|2020,6,22,23,58,0|2020,6,22,23,58,0|2020,6,22,23,58,0|2020,6,22,23,58,0|2020,6,22,23,58,0|2020,6,22,23,58,0|2020,6,22,23,58,1|2020,6,22,23,58,1|2020,6,22,23,58,0001447844|2020,6,22,23,58,0000000006|2020,6,22,23,58,19.5|
CD|||2020,6,23,0,28,1271|2020,6,23,0,28,0|2020,6,23,0,28,0|2020,6,23,0,28,0|2020,6,23,0,28,0|2020,6,23,0,28,0|2020,6,23,0,28,0|2020,6,23,0,28,0|2020,6,23,0,28,0|2020,6,23,0,28,0|2020,6,23,0,28,0|2020,6,23,0,28,0|2020,6,23,0,28,0|2020,6,23,0,28,0|2020,6,23,0,28,0|2020,6,23,0,28,0|2020,6,23,0,28,1|2020,6,23,0,28,1|2020,6,23,0,28,0001447875|2020,6,23,0,28,0000000006|2020,6,23,0,28,20.3|
CD|||2020,6,23,0,58,1268|2020,6,23,0,58,0|2020,6,23,0,58,0|2020,6,23,0,58,0|2020,6,23,0,58,0|2020,6,23,0,58,0|2020,6,23,0,58,0|2020,6,23,0,58,0|2020,6,23,0,58,0|2020,6,23,0,58,0|2020,6,23,0,58,0|2020,6,23,0,58,0|2020,6,23,0,58,0|2020,6,23,0,58,0|2020,6,23,0,58,0|2020,6,23,0,58,0|2020,6,23,0,58,1|2020,6,23,0,58,1|2020,6,23,0,58,0001447891|2020,6,23,0,58,0000000006|2020,6,23,0,58,20|
CD|||2020,6,23,1,28,1268|2020,6,23,1,28,0|2020,6,23,1,28,0|2020,6,23,1,28,0|2020,6,23,1,28,0|2020,6,23,1,28,0|2020,6,23,1,28,0|2020,6,23,1,28,0|2020,6,23,1,28,0|2020,6,23,1,28,0|2020,6,23,1,28,0|2020,6,23,1,28,0|2020,6,23,1,28,0|2020,6,23,1,28,0|2020,6,23,1,28,0|2020,6,23,1,28,0|2020,6,23,1,28,1|2020,6,23,1,28,1|2020,6,23,1,28,0001447902|2020,6,23,1,28,0000000006|2020,6,23,1,28,20|
CD|||2020,6,23,1,58,1293|2020,6,23,1,58,0|2020,6,23,1,58,0|2020,6,23,1,58,0|2020,6,23,1,58,0|2020,6,23,1,58,0|2020,6,23,1,58,0|2020,6,23,1,58,0|2020,6,23,1,58,0|2020,6,23,1,58,0|2020,6,23,1,58,0|2020,6,23,1,58,0|2020,6,23,1,58,0|2020,6,23,1,58,0|2020,6,23,1,58,0|2020,6,23,1,58,0|2020,6,23,1,58,1|2020,6,23,1,58,1|2020,6,23,1,58,0001447918|2020,6,23,1,58,0000000006|2020,6,23,1,58,19.9|
CD|||2020,6,23,2,28,1293|2020,6,23,2,28,0|2020,6,23,2,28,0|2020,6,23,2,28,0|2020,6,23,2,28,0|2020,6,23,2,28,0|2020,6,23,2,28,0|2020,6,23,2,28,0|2020,6,23,2,28,0|2020,6,23,2,28,0|2020,6,23,2,28,0|2020,6,23,2,28,0|2020,6,23,2,28,0|2020,6,23,2,28,0|2020,6,23,2,28,0|2020,6,23,2,28,0|2020,6,23,2,28,1|2020,6,23,2,28,1|2020,6,23,2,28,0001447928|2020,6,23,2,28,0000000006|2020,6,23,2,28,19.9|
CD|||2020,6,23,2,58,1268|2020,6,23,2,58,0|2020,6,23,2,58,0|2020,6,23,2,58,0|2020,6,23,2,58,0|2020,6,23,2,58,0|2020,6,23,2,58,0|2020,6,23,2,58,0|2020,6,23,2,58,0|2020,6,23,2,58,0|2020,6,23,2,58,0|2020,6,23,2,58,0|2020,6,23,2,58,0|2020,6,23,2,58,0|2020,6,23,2,58,0|2020,6,23,2,58,0|2020,6,23,2,58,1|2020,6,23,2,58,1|2020,6,23,2,58,0001447950|2020,6,23,2,58,0000000006|2020,6,23,2,58,20|
CD|||2020,6,23,3,28,1278|2020,6,23,3,28,0|2020,6,23,3,28,0|2020,6,23,3,28,0|2020,6,23,3,28,0|2020,6,23,3,28,0|2020,6,23,3,28,0|2020,6,23,3,28,0|2020,6,23,3,28,0|2020,6,23,3,28,0|2020,6,23,3,28,0|2020,6,23,3,28,0|2020,6,23,3,28,0|2020,6,23,3,28,0|2020,6,23,3,28,0|2020,6,23,3,28,0|2020,6,23,3,28,1|2020,6,23,3,28,1|2020,6,23,3,28,0001447957|2020,6,23,3,28,0000000006|2020,6,23,3,28,20|
CD|||2020,6,23,3,57,1278|2020,6,23,3,57,0|2020,6,23,3,57,0|2020,6,23,3,57,0|2020,6,23,3,57,0|2020,6,23,3,57,0|2020,6,23,3,57,0|2020,6,23,3,57,0|2020,6,23,3,57,0|2020,6,23,3,57,0|2020,6,23,3,57,0|2020,6,23,3,57,0|2020,6,23,3,57,0|2020,6,23,3,57,0|2020,6,23,3,57,0|2020,6,23,3,57,0|2020,6,23,3,57,1|2020,6,23,3,57,1|2020,6,23,3,57,0001447985|2020,6,23,3,57,0000000006|2020,6,23,3,57,20|
CD|||2020,6,23,4,27,1278|2020,6,23,4,27,0|2020,6,23,4,27,0|2020,6,23,4,27,0|2020,6,23,4,27,0|2020,6,23,4,27,0|2020,6,23,4,27,0|2020,6,23,4,27,0|2020,6,23,4,27,0|2020,6,23,4,27,0|2020,6,23,4,27,0|2020,6,23,4,27,0|2020,6,23,4,27,0|2020,6,23,4,27,0|2020,6,23,4,27,0|2020,6,23,4,27,0|2020,6,23,4,27,1|2020,6,23,4,27,1|2020,6,23,4,27,0001448003|2020,6,23,4,27,0000000006|2020,6,23,4,27,19.9|
CD|||2020,6,23,4,57,1278|2020,6,23,4,57,0|2020,6,23,4,57,0|2020,6,23,4,57,0|2020,6,23,4,57,0|2020,6,23,4,57,0|2020,6,23,4,57,0|2020,6,23,4,57,0|2020,6,23,4,57,0|2020,6,23,4,57,0|2020,6,23,4,57,0|2020,6,23,4,57,0|2020,6,23,4,57,0|2020,6,23,4,57,0|2020,6,23,4,57,0|2020,6,23,4,57,0|2020,6,23,4,57,1|2020,6,23,4,57,1|2020,6,23,4,57,0001448007|2020,6,23,4,57,0000000006|2020,6,23,4,57,19.9|
CD|||2020,6,23,5,27,1253|2020,6,23,5,27,0|2020,6,23,5,27,0|2020,6,23,5,27,0|2020,6,23,5,27,0|2020,6,23,5,27,0|2020,6,23,5,27,0|2020,6,23,5,27,0|2020,6,23,5,27,0|2020,6,23,5,27,0|2020,6,23,5,27,0|2020,6,23,5,27,0|2020,6,23,5,27,0|2020,6,23,5,27,0|2020,6,23,5,27,0|2020,6,23,5,27,0|2020,6,23,5,27,1|2020,6,23,5,27,1|2020,6,23,5,27,0001448028|2020,6,23,5,27,0000000006|2020,6,23,5,27,20|
CD|||2020,6,23,5,57,1253|2020,6,23,5,57,0|2020,6,23,5,57,0|2020,6,23,5,57,0|2020,6,23,5,57,0|2020,6,23,5,57,0|2020,6,23,5,57,0|2020,6,23,5,57,0|2020,6,23,5,57,0|2020,6,23,5,57,0|2020,6,23,5,57,0|2020,6,23,5,57,0|2020,6,23,5,57,0|2020,6,23,5,57,0|2020,6,23,5,57,0|2020,6,23,5,57,0|2020,6,23,5,57,1|2020,6,23,5,57,1|2020,6,23,5,57,0001448048|2020,6,23,5,57,0000000006|2020,6,23,5,57,20|
CD|||2020,6,23,6,59,1240|2020,6,23,6,59,0|2020,6,23,6,59,0|2020,6,23,6,59,0|2020,6,23,6,59,0|2020,6,23,6,59,0|2020,6,23,6,59,0|2020,6,23,6,59,0|2020,6,23,6,59,0|2020,6,23,6,59,0|2020,6,23,6,59,0|2020,6,23,6,59,0|2020,6,23,6,59,0|2020,6,23,6,59,0|2020,6,23,6,59,0|2020,6,23,6,59,0|2020,6,23,6,59,1|2020,6,23,6,59,1|2020,6,23,6,59,0001448098|2020,6,23,6,59,0000000006|2020,6,23,6,59,20.3|
CD|||2020,6,23,8,32,1280|2020,6,23,8,32,0|2020,6,23,8,32,0|2020,6,23,8,32,0|2020,6,23,8,32,0|2020,6,23,8,32,0|2020,6,23,8,32,0|2020,6,23,8,32,0|2020,6,23,8,32,0|2020,6,23,8,32,0|2020,6,23,8,32,0|2020,6,23,8,32,0|2020,6,23,8,32,0|2020,6,23,8,32,0|2020,6,23,8,32,0|2020,6,23,8,32,0|2020,6,23,8,32,1|2020,6,23,8,32,1|2020,6,23,8,32,0001448148|2020,6,23,8,32,0000000006|2020,6,23,8,32,20.2|
CD|||2020,6,23,12,31,1266|2020,6,23,12,31,0|2020,6,23,12,31,0|2020,6,23,12,31,0|2020,6,23,12,31,0|2020,6,23,12,31,0|2020,6,23,12,31,0|2020,6,23,12,31,0|2020,6,23,12,31,0|2020,6,23,12,31,0|2020,6,23,12,31,0|2020,6,23,12,31,0|2020,6,23,12,31,0|2020,6,23,12,31,0|2020,6,23,12,31,0|2020,6,23,12,31,0|2020,6,23,12,31,1|2020,6,23,12,31,1|2020,6,23,12,31,0001448572|2020,6,23,12,31,0000000006|2020,6,23,12,31,21|
CD|||2020,6,24,7,29,1255|2020,6,24,7,29,0|2020,6,24,7,29,0|2020,6,24,7,29,0|2020,6,24,7,29,0|2020,6,24,7,29,0|2020,6,24,7,29,0|2020,6,24,7,29,0|2020,6,24,7,29,0|2020,6,24,7,29,0|2020,6,24,7,29,0|2020,6,24,7,29,0|2020,6,24,7,29,0|2020,6,24,7,29,0|2020,6,24,7,29,0|2020,6,24,7,29,0|2020,6,24,7,29,1|2020,6,24,7,29,1|2020,6,24,7,29,0001449939|2020,6,24,7,29,0000000006|2020,6,24,7,29,20.3|
CD|||2020,6,24,9,32,1250|2020,6,24,9,32,0|2020,6,24,9,32,0|2020,6,24,9,32,0|2020,6,24,9,32,0|2020,6,24,9,32,0|2020,6,24,9,32,0|2020,6,24,9,32,0|2020,6,24,9,32,0|2020,6,24,9,32,0|2020,6,24,9,32,0|2020,6,24,9,32,0|2020,6,24,9,32,0|2020,6,24,9,32,0|2020,6,24,9,32,0|2020,6,24,9,32,0|2020,6,24,9,32,1|2020,6,24,9,32,1|2020,6,24,9,32,0001450110|2020,6,24,9,32,0000000006|2020,6,24,9,32,19.7|
CD|||2020,6,25,12,32,1179|2020,6,25,12,32,0|2020,6,25,12,32,0|2020,6,25,12,32,0|2020,6,25,12,32,0|2020,6,25,12,32,0|2020,6,25,12,32,0|2020,6,25,12,32,0|2020,6,25,12,32,0|2020,6,25,12,32,0|2020,6,25,12,32,0|2020,6,25,12,32,0|2020,6,25,12,32,0|2020,6,25,12,32,0|2020,6,25,12,32,0|2020,6,25,12,32,0|2020,6,25,12,32,1|2020,6,25,12,32,1|2020,6,25,12,32,0001451769|2020,6,25,12,32,0000000006|2020,6,25,12,32,20.2|
CD|||2020,6,26,6,28,1115|2020,6,26,6,28,0|2020,6,26,6,28,0|2020,6,26,6,28,0|2020,6,26,6,28,0|2020,6,26,6,28,0|2020,6,26,6,28,0|2020,6,26,6,28,0|2020,6,26,6,28,0|2020,6,26,6,28,0|2020,6,26,6,28,0|2020,6,26,6,28,0|2020,6,26,6,28,0|2020,6,26,6,28,0|2020,6,26,6,28,0|2020,6,26,6,28,0|2020,6,26,6,28,1|2020,6,26,6,28,1|2020,6,26,6,28,0001452327|2020,6,26,6,28,0000000006|2020,6,26,6,28,20|
CD|||2020,6,26,6,57,1109|2020,6,26,6,57,0|2020,6,26,6,57,0|2020,6,26,6,57,0|2020,6,26,6,57,0|2020,6,26,6,57,0|2020,6,26,6,57,0|2020,6,26,6,57,0|2020,6,26,6,57,0|2020,6,26,6,57,0|2020,6,26,6,57,0|2020,6,26,6,57,0|2020,6,26,6,57,0|2020,6,26,6,57,0|2020,6,26,6,57,0|2020,6,26,6,57,0|2020,6,26,6,57,1|2020,6,26,6,57,1|2020,6,26,6,57,0001452335|2020,6,26,6,57,0000000006|2020,6,26,6,57,20|
CD|||2020,6,26,20,59,1041|2020,6,26,20,59,0|2020,6,26,20,59,0|2020,6,26,20,59,0|2020,6,26,20,59,0|2020,6,26,20,59,0|2020,6,26,20,59,0|2020,6,26,20,59,0|2020,6,26,20,59,0|2020,6,26,20,59,0|2020,6,26,20,59,0|2020,6,26,20,59,0|2020,6,26,20,59,0|2020,6,26,20,59,0|2020,6,26,20,59,0|2020,6,26,20,59,0|2020,6,26,20,59,1|2020,6,26,20,59,1|2020,6,26,20,59,0001452784|2020,6,26,20,59,0000000006|2020,6,26,20,59,19.8|
CD|||2020,6,26,23,29,1039|2020,6,26,23,29,0|2020,6,26,23,29,0|2020,6,26,23,29,0|2020,6,26,23,29,0|2020,6,26,23,29,0|2020,6,26,23,29,0|2020,6,26,23,29,0|2020,6,26,23,29,0|2020,6,26,23,29,0|2020,6,26,23,29,0|2020,6,26,23,29,0|2020,6,26,23,29,0|2020,6,26,23,29,0|2020,6,26,23,29,0|2020,6,26,23,29,0|2020,6,26,23,29,1|2020,6,26,23,29,1|2020,6,26,23,29,0001452822|2020,6,26,23,29,0000000006|2020,6,26,23,29,19.9|
CD|||2020,6,27,6,36,1036|2020,6,27,6,36,0|2020,6,27,6,36,0|2020,6,27,6,36,0|2020,6,27,6,36,0|2020,6,27,6,36,0|2020,6,27,6,36,0|2020,6,27,6,36,0|2020,6,27,6,36,0|2020,6,27,6,36,0|2020,6,27,6,36,0|2020,6,27,6,36,0|2020,6,27,6,36,0|2020,6,27,6,36,0|2020,6,27,6,36,0|2020,6,27,6,36,0|2020,6,27,6,36,1|2020,6,27,6,36,1|2020,6,27,6,36,0001453033|2020,6,27,6,36,0000000006|2020,6,27,6,36,20.2|
CD|||2020,6,27,6,36,1132|2020,6,27,6,36,0|2020,6,27,6,36,0|2020,6,27,6,36,0|2020,6,27,6,36,0|2020,6,27,6,36,0|2020,6,27,6,36,1|2020,6,27,6,36,0|2020,6,27,6,36,0|2020,6,27,6,36,0|2020,6,27,6,36,0|2020,6,27,6,36,0|2020,6,27,6,36,0|2020,6,27,6,36,0|2020,6,27,6,36,0|2020,6,27,6,36,0|2020,6,27,6,36,1|2020,6,27,6,36,1|2020,6,27,6,36,0001453033|2020,6,27,6,36,0000000006|2020,6,27,6,36,20.2|
CD|||2020,8,11,12,18,1228|2020,8,11,12,18,0|2020,8,11,12,18,0|2020,8,11,12,18,0|2020,8,11,12,18,0|2020,8,11,12,18,0|2020,8,11,12,18,0|2020,8,11,12,18,0|2020,8,11,12,18,0|2020,8,11,12,18,0|2020,8,11,12,18,0|2020,8,11,12,18,0|2020,8,11,12,18,0|2020,8,11,12,18,0|2020,8,11,12,18,0|2020,8,11,12,18,0|2020,8,11,12,18,1|2020,8,11,12,18,1|2020,8,11,12,18,0001542266|2020,8,11,12,18,0000000006|2020,8,11,12,18,21|
CD|||2020,8,24,13,45,14227|2020,8,24,13,45,0|2020,8,24,13,45,0|2020,8,24,13,45,0|2020,8,24,13,45,0|2020,8,24,13,45,0|2020,8,24,13,45,1|2020,8,24,13,45,0|2020,8,24,13,45,0|2020,8,24,13,45,0|2020,8,24,13,45,0|2020,8,24,13,45,0|2020,8,24,13,45,0|2020,8,24,13,45,0|2020,8,24,13,45,0|2020,8,24,13,45,0|2020,8,24,13,45,1|2020,8,24,13,45,1|2020,8,24,13,45,0001542266|2020,8,24,13,45,0000000006|2020,8,24,13,45,0|
